50
3
1 2 3
2 3 5
3 5 6
2 3 4
1 2 3
5
6 8 17 20 22
14 21 22 26 28
3 6 8 14 18
1 3 8 13 14
3 6 13 17 21
1 3 6 9 11
8 13 17 18 23
11 18 23 27 28
13 17 20 24 27
7
99 136 151 160 175 213 227
83 111 134 141 165 195 216
10 24 43 55 59 83 99
67 91 120 123 147 165 175
59 103 122 136 147 175 205
24 49 72 76 91 100 118
55 81 84 108 123 162 182
94 118 159 182 205 216 227
10 30 49 58 67 81 94
43 73 81 98 120 139 159
30 49 73 81 103 111 136
58 76 98 108 136 141 160
81 100 139 162 175 195 213
7
1 2 3 4 5 6 7
6 7 8 9 10 11 12
3 4 5 6 7 8 9
4 5 6 7 8 9 10
6 7 8 9 10 11 12
2 3 4 5 6 7 8
2 3 4 5 6 7 8
7 8 9 10 11 12 13
1 2 3 4 5 6 7
5 6 7 8 9 10 11
7 8 9 10 11 12 13
3 4 5 6 7 8 9
5 6 7 8 9 10 11
7
9 11 13 16 17 19 21
5 7 8 11 12 13 14
10 13 16 17 19 21 22
8 10 12 14 16 18 19
8 12 14 15 18 19 20
6 9 11 12 14 16 17
5 7 8 11 12 14 16
7 10 12 14 16 17 18
10 13 14 17 18 20 22
7 9 11 12 14 15 17
2 4 5 6 7 8 10
2 3 5 7 8 9 10
3 6 7 9 10 12 13
5
10 11 22 26 28
18 22 27 28 35
6 7 9 11 18
2 6 11 14 18
5 7 15 16 22
14 16 18 26 30
11 15 17 22 24
7 9 17 18 27
14 18 24 30 35
4
2 3 4 6
6 7 8 11
3 4 6 7
2 3 4 6
4 6 7 9
3 4 5 8
4 5 7 8
4
2 3 4 5
1 2 3 4
4 5 6 7
3 4 5 6
3 4 5 6
1 2 3 4
4 5 6 7
3
1 2 3
2 3 4
1 2 3
3 4 5
3 4 5
4
5 6 7 8
13 14 15 16
1 5 9 13
3 7 11 15
2 6 10 14
1 2 3 4
4 8 12 16
2
4 8
6 8
2 6
7
7 14 21 28 35 42 49
29 30 31 32 33 34 35
15 16 17 18 19 20 21
36 37 38 39 40 41 42
22 23 24 25 26 27 28
2 9 16 23 30 37 44
43 44 45 46 47 48 49
3 10 17 24 31 38 45
1 8 15 22 29 36 43
8 9 10 11 12 13 14
5 12 19 26 33 40 47
6 13 20 27 34 41 48
4 11 18 25 32 39 46
2
1 3
3 4
2 4
7
9 12 13 16 19 20 23
13 16 17 20 25 28 30
7 10 11 15 16 18 20
10 12 15 18 20 25 28
6 7 10 12 14 15 16
1 4 6 7 9 12 13
5 10 12 15 16 19 20
4 6 7 10 11 12 13
2 6 7 10 12 15 16
3 7 10 11 13 16 17
8 11 14 16 19 22 25
12 15 16 19 22 25 27
12 13 16 20 23 27 30
10
11 12 13 14 15 16 17 18 19 20
8 18 28 38 48 58 68 78 88 98
7 17 27 37 47 57 67 77 87 97
41 42 43 44 45 46 47 48 49 50
71 72 73 74 75 76 77 78 79 80
21 22 23 24 25 26 27 28 29 30
3 13 23 33 43 53 63 73 83 93
1 2 3 4 5 6 7 8 9 10
2 12 22 32 42 52 62 72 82 92
10 20 30 40 50 60 70 80 90 100
6 16 26 36 46 56 66 76 86 96
1 11 21 31 41 51 61 71 81 91
51 52 53 54 55 56 57 58 59 60
81 82 83 84 85 86 87 88 89 90
9 19 29 39 49 59 69 79 89 99
4 14 24 34 44 54 64 74 84 94
5 15 25 35 45 55 65 75 85 95
91 92 93 94 95 96 97 98 99 100
61 62 63 64 65 66 67 68 69 70
4
12 15 20 22
6 11 12 20
4 8 11 13
8 9 12 17
1 2 6 11
2 8 9 15
1 4 8 12
7
1 3 4 6 8 11 14
10 14 20 25 30 33 35
4 9 15 20 22 23 27
1 5 7 10 13 18 22
22 26 27 35 40 44 48
6 12 20 25 28 33 35
14 22 28 35 39 41 48
18 19 23 33 38 40 41
13 18 22 28 33 38 39
5 6 9 12 16 19 22
11 19 27 33 38 40 44
3 6 12 14 18 19 26
7 12 15 20 25 27 28
4
69 74 78 85
30 37 56 74
53 74 78 85
23 30 48 69
27 37 56 74
48 56 72 78
23 27 48 53
7
16 21 25 31 34 37 38
19 24 26 34 35 41 44
5 8 10 12 15 20 24
4 8 11 17 19 21 24
2 4 8 10 13 16 18
8 10 14 19 23 25 26
13 15 18 23 31 34 35
15 19 23 27 31 32 34
16 20 21 27 32 37 41
2 5 9 13 15 16 19
13 17 19 20 23 27 32
18 24 28 32 34 38 44
10 12 15 20 27 31 34
10
13 17 19 21 22 26 28 29 30 31
5 8 10 12 14 15 16 19 20 22
12 16 17 19 22 24 26 29 31 34
8 13 14 17 19 22 24 26 28 30
14 18 19 21 24 27 28 31 34 38
7 12 13 15 17 20 21 22 24 25
14 18 20 23 24 28 30 31 32 34
10 13 15 18 20 22 23 24 26 27
2 4 5 6 7 8 10 12 13 14
6 8 10 11 13 14 15 17 18 19
11 15 16 19 21 24 25 26 27 28
2 4 6 7 8 10 11 13 14 15
4 6 8 10 12 13 15 17 18 19
15 19 22 24 25 30 32 34 36 38
8 12 14 16 17 19 20 22 23 24
13 17 18 20 23 26 27 30 32 36
4 6 8 10 12 13 14 16 17 18
10 14 15 18 20 23 25 28 30 32
7 10 12 13 15 17 18 19 20 21
4
8 9 14 17
3 5 7 8
3 4 5 8
7 9 12 14
5 6 8 9
5 8 12 15
8 10 15 17
3
1 2 3
3 4 5
2 3 4
3 4 5
2 3 4
2
2 22
22 222
22 222
4
2 5 7 10
7 10 13 16
5 7 8 9
8 9 16 19
6 8 13 15
2 3 6 8
3 7 10 13
2
2 6
2 4
6 8
10
3 13 15 20 25 29 33 38 41 42
22 26 39 43 45 52 58 59 65 69
6 15 19 24 29 33 35 43 44 49
21 23 34 37 39 51 53 56 60 66
25 32 38 43 45 47 51 56 59 65
23 27 33 35 38 46 50 53 58 62
13 19 25 30 37 42 46 47 50 54
17 21 30 34 38 47 50 51 56 61
5 8 13 15 17 19 21 23 26 30
2 8 10 15 19 21 27 32 34 35
19 21 29 33 37 42 47 51 52 55
10 17 21 27 33 37 38 45 49 52
14 19 25 29 33 37 38 39 45 52
24 30 44 48 52 55 62 65 69 70
1 5 8 12 14 19 23 25 27 28
28 35 42 49 52 54 61 66 69 70
8 10 15 19 21 25 30 34 39 44
1 2 3 6 10 13 17 21 22 24
27 34 41 44 49 50 56 60 65 69
4
3 6 7 8
3 6 9 12
6 7 9 11
8 11 14 19
12 15 17 19
9 11 13 14
6 7 11 15
5
10 13 17 20 21
7 10 12 15 17
2 5 6 7 10
6 9 12 15 16
7 10 15 16 19
12 15 16 19 21
9 11 15 16 20
5 6 10 11 15
2 4 7 9 12
8
7 10 12 14 17 18 20 23
8 13 18 20 22 25 26 29
5 11 14 16 18 22 23 25
12 16 19 22 23 25 27 28
10 14 16 18 21 22 25 26
1 2 3 5 7 8 9 12
4 7 8 11 12 13 16 18
7 12 17 18 21 23 25 27
3 8 12 13 16 19 22 24
9 16 20 21 25 27 30 33
13 17 22 23 25 26 30 32
12 18 23 25 26 28 32 36
9 11 13 16 18 20 21 25
14 19 24 25 27 29 33 36
1 4 7 9 10 12 13 14
10
39 57 78 104 133 151 159 186 222 242
73 111 115 153 185 202 223 235 266 289
15 34 58 74 82 103 112 121 128 142
82 93 108 133 140 160 185 206 219 221
121 155 175 186 198 200 235 256 260 286
34 39 53 57 77 93 111 115 117 129
74 83 102 104 111 135 153 174 185 190
103 125 134 151 154 179 202 231 244 253
114 129 162 190 221 253 275 286 294 342
44 77 97 111 140 154 163 198 233 257
142 193 227 242 257 272 289 302 319 342
97 117 159 185 219 244 251 260 269 319
58 63 68 78 97 102 115 138 159 162
19 39 63 83 93 125 135 155 177 193
128 177 202 222 233 253 266 268 269 294
112 135 158 159 163 199 223 236 251 275
15 19 27 39 44 59 73 79 97 114
27 53 68 102 108 134 158 175 202 227
59 93 102 135 160 179 199 200 253 272
10
6 8 9 12 16 19 22 25 28 30
8 15 19 21 23 24 25 29 31 34
20 24 27 30 31 34 35 37 44 46
3 4 5 6 7 8 11 12 14 15
14 21 28 31 32 35 36 39 42 44
12 18 25 26 27 30 33 35 36 37
7 13 16 18 20 22 23 28 29 31
18 22 24 28 29 31 34 36 42 43
17 19 22 25 28 29 33 35 39 42
6 10 12 13 16 18 21 25 28 30
5 6 8 10 13 15 17 18 21 23
3 5 6 7 9 11 14 17 18 20
11 17 22 23 25 27 30 33 34 35
7 11 12 13 18 21 23 26 31 32
15 23 30 32 35 36 37 42 43 46
5 8 9 12 13 16 20 22 24 27
4 6 8 11 12 14 17 19 22 24
14 17 20 21 23 25 30 33 36 37
11 14 16 18 22 24 27 30 35 36
10
1 2 3 4 5 6 7 8 9 10
4 5 6 7 8 9 10 11 12 13
5 6 7 8 9 10 11 12 13 14
2 3 4 5 6 7 8 9 10 11
7 8 9 10 11 12 13 14 15 16
9 10 11 12 13 14 15 16 17 18
2 3 4 5 6 7 8 9 10 11
8 9 10 11 12 13 14 15 16 17
6 7 8 9 10 11 12 13 14 15
3 4 5 6 7 8 9 10 11 12
9 10 11 12 13 14 15 16 17 18
1 2 3 4 5 6 7 8 9 10
4 5 6 7 8 9 10 11 12 13
10 11 12 13 14 15 16 17 18 19
6 7 8 9 10 11 12 13 14 15
7 8 9 10 11 12 13 14 15 16
8 9 10 11 12 13 14 15 16 17
10 11 12 13 14 15 16 17 18 19
3 4 5 6 7 8 9 10 11 12
7
3 8 12 13 14 15 27
1 2 3 4 5 6 23
23 25 26 29 30 33 34
5 10 14 17 19 20 30
5 10 14 17 19 20 31
6 11 15 18 20 21 32
22 24 27 28 31 32 34
2 7 8 9 10 11 24
2 7 8 9 10 11 25
4 9 13 16 17 18 28
4 9 13 16 17 18 29
1 2 3 4 5 6 22
6 11 15 18 20 21 33
3
1 2 3
1 2 3
2 3 4
2 3 4
3 4 5
4
3 8 10 11
7 16 18 24
8 10 13 16
3 4 6 7
10 13 14 18
11 18 19 24
4 10 13 18
4
1 2 3 8
2 4 5 10
3 5 6 11
1 2 3 7
2 4 5 9
8 9 12 13
7 10 11 13
2
2 6
4 8
2 4
2
2 4
6 8
4 8
7
3 8 9 13 18 20 22
10 14 19 20 21 24 27
8 9 14 18 20 23 25
3 6 10 15 19 21 22
21 23 27 35 39 41 45
22 25 29 38 44 45 47
20 21 24 32 38 41 45
22 24 27 37 42 45 47
13 14 20 26 31 35 38
6 9 11 14 20 21 24
19 20 26 31 36 38 42
15 18 23 26 28 32 37
18 20 21 28 36 39 44
5
6 9 12 17 19
5 8 9 13 16
7 16 19 23 24
2 8 9 10 17
6 13 17 20 23
9 10 13 20 23
5 9 12 13 21
1 5 6 9 13
13 17 21 23 24
5
3 5 6 7 8
2 5 7 8 10
5 7 10 11 14
7 8 10 11 13
6 8 12 13 16
8 10 12 14 16
1 2 4 5 6
1 3 5 7 8
4 6 9 10 12
6
3 8 13 15 19 21
8 15 18 22 28 31
13 19 20 25 30 35
3 7 8 13 17 18
19 23 28 30 34 40
7 11 17 20 23 25
18 27 31 35 40 41
15 20 22 25 28 35
17 22 27 28 34 38
8 11 15 19 22 27
21 25 31 35 38 41
10
6 8 9 10 12 14 15 17 18 20
8 10 12 14 16 17 18 21 22 24
4 6 7 9 10 11 13 14 16 17
7 9 10 12 14 16 17 19 21 22
4 5 7 9 10 12 14 15 17 18
10 14 15 17 19 21 23 24 25 26
12 17 18 20 21 25 27 28 29 32
1 3 4 6 7 8 10 11 12 13
13 16 17 20 22 24 25 26 30 32
10 11 13 15 17 18 20 23 24 27
2 4 5 8 9 10 11 12 14 16
12 14 16 19 21 22 24 25 28 29
6 8 9 10 11 12 15 17 19 20
8 10 11 12 16 17 19 21 23 25
11 16 17 18 20 23 24 26 28 30
11 12 14 17 19 21 23 24 26 28
3 4 6 8 9 10 12 14 16 17
7 9 10 11 14 16 17 19 20 21
9 12 14 15 17 19 20 23 24 25
5
6 9 11 13 15
7 8 10 12 13
4 5 8 10 11
5 7 8 10 11
1 3 5 7 9
9 10 11 14 15
3 4 7 8 10
5 7 10 12 14
1 3 4 5 6
2
22 222
2 22
2 22
8
6 10 15 16 19 22 25 27
7 12 17 18 20 24 28 29
10 16 23 24 26 29 34 36
9 13 20 21 22 27 31 32
10 15 20 22 24 27 29 32
2 4 6 7 9 10 11 12
6 8 12 15 17 20 23 24
13 18 24 25 29 32 36 38
11 17 21 25 28 31 34 36
4 6 9 10 12 13 16 18
5 9 12 15 17 20 21 22
12 18 22 27 29 32 36 38
4 6 8 11 13 15 17 18
7 11 15 16 18 21 24 25
9 13 17 19 20 22 26 29
3
7 15 20
12 17 20
7 10 15
5 6 7
5 7 12
8
10 15 17 18 21 23 25 27
9 13 14 17 19 21 23 25
11 13 14 17 19 22 23 25
2 3 4 5 7 9 11 12
4 5 6 8 9 10 13 15
9 10 12 15 18 20 21 23
5 6 8 9 10 12 14 17
4 6 8 10 11 13 14 17
12 15 17 19 21 23 25 27
7 9 10 14 16 18 19 21
7 9 11 14 16 18 19 21
8 11 13 16 18 20 22 23
5 8 9 12 14 16 17 18
2 4 5 6 7 8 9 10
3 5 6 8 9 11 13 15
9
2 5 7 10 13 14 15 17 19
5 11 12 15 17 18 21 22 25
14 17 18 22 25 27 28 29 35
17 19 22 24 28 31 32 33 39
19 21 25 27 30 33 35 36 40
13 16 17 20 22 25 26 28 32
2 3 5 8 9 12 14 17 20
8 13 16 17 20 22 23 24 27
3 8 10 13 16 17 18 19 21
12 15 21 23 25 27 29 31 33
10 13 15 17 21 23 25 26 31
15 18 21 23 27 29 30 31 37
20 22 28 31 32 35 37 39 40
9 14 19 21 22 25 27 28 30
17 20 25 26 28 29 31 33 36
14 16 22 25 26 28 30 32 35
5 8 11 13 14 15 16 20 22
10
4 12 19 25 26 27 28 29 30 53
2 10 11 12 13 14 15 16 17 49
5 13 20 26 31 32 33 34 35 54
1 2 3 4 5 6 7 8 9 46
6 14 21 27 32 36 37 38 39 57
2 10 11 12 13 14 15 16 17 48
1 2 3 4 5 6 7 8 9 47
4 12 19 25 26 27 28 29 30 52
5 13 20 26 31 32 33 34 35 55
3 11 18 19 20 21 22 23 24 51
8 16 23 29 34 38 41 43 44 61
8 16 23 29 34 38 41 43 44 60
9 17 24 30 35 39 42 44 45 62
6 14 21 27 32 36 37 38 39 56
3 11 18 19 20 21 22 23 24 50
9 17 24 30 35 39 42 44 45 63
46 48 51 52 55 57 58 61 62 64
7 15 22 28 33 37 40 41 42 58
47 49 50 53 54 56 59 60 63 64
