Case #1: 3 4 6 
Case #2: 9 14 18 24 26 
Case #3: 49 72 81 84 122 134 151 
Case #4: 4 5 6 7 8 9 10 
Case #5: 4 6 7 9 10 11 13 
Case #6: 2 5 7 10 14 
Case #7: 6 8 9 11 
Case #8: 2 3 4 5 
Case #9: 2 3 4 
Case #10: 9 10 11 12 
Case #11: 2 4 
Case #12: 1 2 3 4 5 6 7 
Case #13: 1 2 
Case #14: 1 2 3 5 8 10 12 
Case #15: 31 32 33 34 35 36 37 38 39 40 
Case #16: 11 13 17 22 
Case #17: 8 16 25 30 33 38 40 
Case #18: 48 56 72 78 
Case #19: 9 11 14 15 18 21 28 
Case #20: 6 10 11 13 16 18 19 21 23 24 
Case #21: 4 6 9 10 
Case #22: 1 2 3 
Case #23: 2 22 
Case #24: 10 13 15 19 
Case #25: 4 8 
Case #26: 12 15 20 24 27 30 34 37 43 48 
Case #27: 7 9 13 17 
Case #28: 4 6 9 10 13 
Case #29: 2 7 10 11 14 16 17 19 
Case #30: 79 115 138 174 206 231 236 256 268 302 
Case #31: 9 12 13 16 20 23 25 27 32 35 
Case #32: 5 6 7 8 9 10 11 12 13 14 
Case #33: 3 8 12 13 14 15 26 
Case #34: 3 4 5 
Case #35: 6 13 14 19 
Case #36: 3 5 6 12 
Case #37: 6 8 
Case #38: 2 6 
Case #39: 9 11 19 23 26 27 29 
Case #40: 1 2 5 6 7 
Case #41: 5 7 9 10 12 
Case #42: 13 17 18 20 27 31 
Case #43: 1 2 4 6 7 8 9 10 11 12 
Case #44: 3 4 5 7 9 
Case #45: 22 222 
Case #46: 2 4 5 6 7 9 10 13 
Case #47: 6 10 17 
Case #48: 6 8 10 12 14 15 17 19 
Case #49: 7 10 12 16 19 21 22 25 28 
Case #50: 7 15 22 28 33 37 40 41 42 59 
