31
-14 -16 41 32 45 -12 -45 34 -8 -15 -29 40 24 40 -48 0 44 -32 -39 -14 -41 -26 24 7 35 16 -47 30 -34 27 -15 
88
-37 44 24 -26 -9 -12 -47 45 24 7 -10 -43 45 -7 40 -46 28 41 -45 -37 -7 -29 -43 28 15 1 39 3 4 -27 -27 -19 -40 -19 -13 30 -30 3 0 -6 -18 19 -42 1 18 -30 -50 42 12 12 -47 -17 12 18 -18 -8 -14 4 35 -15 -38 28 11 36 6 0 -18 -28 19 -20 14 -18 28 36 -9 2 -29 -24 34 30 13 29 -34 -3 -35 31 -28 31 
32
3 -28 -38 31 48 -9 -12 0 -8 -49 -8 -6 4 29 -26 -12 -40 -26 43 20 -13 -12 -9 48 -37 -30 33 -48 -33 -17 9 -7 
14
46 8 -11 -36 -19 -47 48 10 36 25 -25 -29 -47 0 
15
19 14 -49 36 18 21 26 -29 11 6 39 -40 -42 9 26 
76
4 -18 42 -38 44 30 -49 20 -7 -28 -7 -11 47 4 -42 21 -34 -49 40 40 -38 -16 2 38 24 -32 7 -37 -25 -36 42 -22 42 -37 35 35 1 -39 30 25 42 -12 -32 21 43 -48 -26 1 -27 -50 37 8 15 9 -18 11 15 -13 17 19 31 -33 -15 31 -20 37 -27 8 -13 11 6 -25 45 -26 -36 8 
93
5 -22 13 -25 -31 18 36 -16 -28 -32 20 -49 16 -39 9 46 18 -17 23 13 44 23 -27 -7 -5 -4 -14 13 -47 18 4 -2 17 -3 -33 29 35 -25 40 13 26 23 30 -11 5 15 -35 -22 -6 -4 -30 25 -11 1 2 20 37 42 42 -13 34 46 -15 9 22 -45 12 46 -39 -16 19 -9 -29 -26 13 -20 33 35 6 30 -50 49 -13 25 35 7 -10 8 45 25 -2 -10 -5 
64
49 15 31 44 0 -1 -7 1 31 10 -19 -13 41 29 -28 -38 6 44 -45 32 27 49 7 21 -14 3 32 -42 11 11 7 33 42 -41 -31 20 -49 -16 38 30 -18 -27 -22 -47 -42 0 -9 18 -13 -31 -49 35 46 -16 -40 7 -42 -4 25 -17 9 -43 -34 35 
53
-38 -33 7 -12 -16 -3 -5 33 -47 -3 32 7 48 17 41 -2 -8 -36 -20 36 -21 42 -22 -6 13 -36 42 24 -7 1 -32 15 15 5 -7 40 11 -36 -36 -1 1 47 -16 6 -18 42 49 35 -22 -7 21 -39 -27 
49
28 34 -9 -34 45 -44 -21 -1 22 -11 -13 7 30 -29 30 33 -42 46 6 -50 34 5 -27 19 -20 -50 -2 -13 44 -15 27 -38 34 5 -27 -42 30 40 26 8 11 22 18 42 38 -19 1 -44 11 
48
32 8 -32 29 14 -41 16 46 29 -31 3 43 29 -28 -43 -12 12 12 40 18 6 9 -42 -8 -9 -11 37 -26 -29 11 -28 22 -18 33 -21 -35 -48 38 -5 17 -42 7 49 40 -46 19 3 15 
15
48 43 0 17 37 38 1 -41 40 -24 22 45 8 -22 -16 
88
48 19 47 -36 -7 28 5 42 -18 30 -16 -30 28 30 42 -41 -5 10 31 8 28 -23 3 21 -36 5 0 -13 -49 40 -38 11 -11 -23 1 -18 -45 -17 -25 17 -47 -38 -13 3 14 12 -27 7 -8 47 -5 -42 42 46 39 46 44 5 -43 16 -30 -43 -44 3 0 3 -36 25 48 40 43 22 24 -39 28 -2 -43 3 35 -48 -8 -47 43 33 -28 -35 0 -23 
89
25 41 8 -41 -25 17 -25 -26 -17 40 6 28 27 -20 37 -25 -25 -39 -34 -34 -26 -26 -18 26 -36 0 -43 1 -26 4 -33 -19 11 -28 -32 37 -11 18 4 46 -33 -31 -4 44 -44 -24 20 35 -20 4 1 -28 45 -44 24 2 13 23 47 10 -43 13 -24 -42 41 -30 -48 -43 10 19 38 32 -27 -38 -44 7 -13 -27 -4 39 -44 -18 23 -25 -17 -34 47 -28 30 
94
-25 38 18 16 -33 -5 -6 -6 43 26 32 32 -36 -12 -20 -35 -31 -46 32 36 -28 -28 47 -45 45 -37 42 -25 26 -31 48 -47 -32 21 5 -15 48 -35 -23 -27 14 -16 30 -11 -22 -13 35 -4 -24 -16 15 45 -10 24 30 19 35 25 21 -23 -22 -32 -37 26 -50 -9 -14 -20 1 15 4 39 -4 32 28 41 17 45 -48 40 12 -39 -24 -28 34 -27 11 -27 -16 8 -32 -18 -6 -42 
24
-1 31 41 -22 45 11 41 -22 -40 -22 -4 34 -6 -7 -16 10 21 30 -27 40 36 29 -1 -1 
6
-24 21 47 -44 3 -31 
53
14 -23 22 -25 47 9 -16 -25 40 36 35 -32 -30 -11 14 -47 -1 14 37 9 14 7 -3 -33 2 -47 35 7 49 44 -21 12 45 16 -50 -41 3 -3 -42 -33 -14 -27 -2 -29 -18 -2 14 -43 33 -1 -32 9 3 
27
-26 -47 -7 -24 46 42 -35 31 12 -5 -24 -3 2 -8 21 -17 30 26 -24 49 -33 -39 -39 -49 13 30 -8 
98
-30 38 48 46 17 -5 -29 4 -50 -3 30 13 -2 12 25 -41 49 -48 -11 20 -31 -12 24 49 -19 7 -43 21 17 -20 44 42 -20 -14 20 7 -49 -36 19 -21 -32 0 18 -48 -49 49 43 35 23 -3 -45 32 29 -11 -21 45 8 -38 8 24 -23 48 -39 -4 29 19 6 -13 -46 -41 23 -27 15 -40 31 16 26 32 21 -23 21 -27 46 -18 -27 -34 29 36 -19 -40 3 -21 -46 4 -49 7 -27 -13 
97
-47 46 18 -31 11 -29 35 47 12 -40 16 -48 32 -38 3 -49 10 -23 17 -3 -21 23 -17 18 14 22 21 -43 0 32 -43 -34 -18 -15 -28 -50 45 41 -1 39 -43 28 21 32 37 30 26 -29 30 26 43 8 17 22 -39 -47 -34 0 36 -35 -9 23 9 17 -42 -47 -11 -6 -50 -8 7 -38 39 -10 31 29 15 6 0 -37 28 -49 9 27 23 -41 44 -12 11 16 -49 21 15 22 -25 -2 4 
17
-35 -4 -9 -48 -34 -6 -47 15 2 -22 -13 28 -4 6 32 28 13 
4
-43 -23 -5 26 
84
-21 0 -18 37 -37 -1 29 17 -10 -4 -38 23 14 30 29 -29 49 -18 17 -7 -1 34 -5 -25 46 17 -17 2 -20 -43 -44 -14 -24 17 4 44 -20 45 49 4 34 14 -42 27 -39 34 -16 -30 -49 -45 -44 -4 -20 -50 13 0 0 -16 30 35 0 -40 -46 5 35 -32 14 45 0 -11 -49 42 -12 47 25 -26 5 -2 -5 -30 -10 -31 40 -12 
49
-4 -3 -7 -30 -27 -1 -45 -34 -21 -16 28 -31 -49 9 7 11 23 -17 18 49 19 -25 -43 -10 21 -18 -38 48 40 16 46 -31 41 -29 -29 45 46 36 -49 -34 -26 -42 -1 -40 32 -42 -9 -2 -9 
97
-39 -37 -5 -13 -36 -15 -43 -11 -21 -16 -19 38 10 8 -1 43 36 -12 30 -45 38 -18 17 47 7 11 38 -5 -24 -28 49 -47 2 17 -39 11 34 -47 1 -25 28 2 -30 -40 39 -41 3 8 -8 -21 13 -27 -47 -40 -32 5 12 -5 -35 -7 -28 38 6 14 18 11 10 -35 36 -13 -30 -43 -42 -13 -16 40 -14 25 2 16 -18 -26 -13 13 23 7 -37 38 49 -30 -27 -5 40 -38 -20 22 -43 
78
-1 -26 -7 42 26 35 -11 -38 4 4 -10 -30 22 -31 -5 -26 40 -35 37 23 26 43 -9 -1 -10 15 2 10 44 19 10 17 -50 -38 -14 -2 14 -3 16 35 -32 17 -12 -13 12 20 -45 -42 28 -9 -29 -27 26 -1 -11 -37 8 -1 2 38 19 38 38 -16 49 25 18 31 -2 -49 44 -45 -46 -22 -32 31 33 -19 
49
-17 -29 -48 -12 12 49 8 32 16 15 -32 -25 -36 40 30 -20 44 -49 -38 -46 -50 -13 -44 -20 17 -31 -39 45 -14 28 -25 -7 -16 -11 -16 17 -39 28 24 -48 25 -29 42 -18 34 -42 1 13 16 
59
43 14 18 7 -7 -23 -39 48 4 -44 -39 20 -12 29 41 -2 23 -31 -2 -16 -48 -16 35 -35 48 39 -40 7 41 25 40 3 2 5 -5 0 30 -42 -28 -31 16 -4 -37 -45 18 -10 10 19 8 -15 1 47 -12 8 -28 15 -20 -47 40 
54
28 39 -40 -46 -48 -37 -26 -44 19 -44 44 -1 45 18 24 20 -46 -26 32 -2 17 28 38 -33 -24 41 35 42 36 -44 8 -25 -8 -13 37 -24 1 -19 38 -19 0 10 20 -26 39 33 41 23 -32 -15 18 -48 28 -17 
59
38 -16 -21 4 35 17 1 23 5 -19 14 6 -15 -4 -29 -37 -3 32 33 49 -2 17 -26 5 -16 -44 -33 -40 -38 -42 30 2 -22 -37 21 4 8 27 4 -26 -10 37 32 -16 -7 -9 8 26 10 29 13 -35 3 5 32 -36 7 -39 3 
83
6 -41 -32 42 -22 -14 40 6 15 -26 32 40 9 46 28 30 12 4 -11 -7 -29 -11 9 7 -43 -43 -44 -34 -20 21 -47 46 -34 18 -10 -20 18 13 -16 -46 3 34 14 33 -45 -46 -33 -20 -10 -40 -34 -37 48 -3 26 -4 -8 38 -14 20 35 18 -50 -3 17 29 11 23 -42 24 -24 -23 19 -14 33 25 2 -13 -16 18 35 19 18 
77
-39 -8 3 30 -27 12 49 -39 -8 -39 34 -43 3 -14 -28 11 38 47 12 10 13 -17 -2 49 11 -3 24 5 24 44 -19 33 42 -32 25 -49 -6 46 34 -14 -17 -26 -48 41 31 22 -32 44 18 37 -39 -31 -36 -23 9 0 -10 -14 3 -20 31 1 12 34 7 -33 15 15 20 -18 -48 -47 -43 4 25 45 -21 
89
24 -49 2 -36 35 46 16 24 -47 -34 28 9 -20 -41 -35 -40 -37 5 20 -45 38 -16 12 -10 4 -16 12 49 48 41 -14 35 15 -45 -18 -14 17 14 -19 16 -22 0 -37 41 19 -29 -1 26 5 -20 29 -50 29 -28 28 -49 -19 27 -7 -5 -42 14 24 -9 -22 -27 -38 48 0 -12 -33 16 -43 -19 16 -21 -39 23 3 11 39 30 -6 -12 5 35 30 -23 36 
8
-3 47 31 -41 -35 -17 -27 -48 
46
13 -17 -3 18 -43 -18 -19 -8 3 -46 31 -17 -9 -16 8 -5 -5 -18 35 8 -49 -27 13 34 29 -50 17 45 -43 -17 32 -17 -33 -29 -20 6 8 40 37 10 49 49 28 42 -19 21 
60
-39 -19 -13 22 20 -37 23 -38 -34 20 7 6 -31 30 49 -19 11 12 -20 -47 7 38 40 12 1 36 43 -15 47 35 18 -23 30 44 -43 16 -11 35 -26 29 0 -50 -1 -11 3 -11 2 32 -21 5 -3 44 25 26 -18 -2 19 -26 -28 -10 
88
7 -30 -41 -36 -2 -5 19 34 -8 -29 40 -4 5 -34 -25 -20 24 -1 8 40 -10 14 30 -35 15 -11 -20 -37 -43 -25 -28 40 22 26 -5 1 16 -46 9 45 -34 -14 42 25 -46 -45 -18 37 -39 -49 -3 -11 31 4 26 29 -16 -23 41 12 30 -28 -26 -9 7 -39 -48 -33 -15 -46 45 41 -11 11 48 13 21 -49 -23 -32 29 -37 -20 -27 -24 7 -4 23 
6
-49 -11 -36 29 -48 48 
41
-40 7 -10 -4 -17 26 -4 -26 -4 -40 33 -5 18 49 0 6 28 -5 0 -10 28 42 -19 -23 45 39 28 34 -27 -21 -6 -38 -17 -10 -30 14 -28 6 41 28 29 
96
29 27 -28 18 40 16 -6 -34 -39 19 -24 -2 36 29 13 -4 -9 14 4 -40 21 -26 46 -48 38 -12 33 7 4 -13 26 29 -32 45 -32 -34 28 -43 31 48 -5 -49 -4 -25 21 41 -47 -1 5 -16 12 -28 16 -47 -13 33 -19 2 38 13 25 32 -32 -33 7 -35 11 8 40 24 -18 11 31 0 -48 -24 -19 15 -5 47 -41 -31 -22 -30 -20 -41 -13 26 -32 -40 -25 15 49 -23 -29 -24 
49
-9 -13 37 0 11 -7 8 -44 -43 -44 49 3 46 5 33 -32 -25 2 -21 -45 -47 21 -49 37 10 -16 14 3 3 -50 21 -45 -28 40 -20 -27 -23 10 -10 -45 -6 11 -21 -49 -2 -12 -27 44 -37 
87
35 31 -43 43 -17 19 -48 -40 17 -9 22 -37 0 -13 6 32 10 39 14 -15 -9 -29 3 7 -6 -31 31 -20 -26 27 5 -49 45 -24 32 -29 -46 7 -34 -16 5 30 -21 32 -3 32 6 13 6 -16 10 40 -25 12 24 -18 29 46 41 -40 -4 18 -42 40 26 32 -1 -6 -42 -13 16 -40 34 -21 16 -46 -12 19 37 17 -47 -22 -11 -2 27 -22 10 
17
-7 45 20 -26 -36 12 -44 -17 -35 -7 -20 -28 -28 41 -18 40 -37 
62
-21 -43 -28 -22 -23 34 10 32 -29 -46 -9 34 31 3 -35 15 -40 36 -46 33 -43 -24 26 -9 -3 33 3 -19 25 0 -3 8 7 -23 37 28 -44 -32 46 -29 12 37 -2 35 8 -34 6 -25 -47 -1 -31 34 -9 39 -17 -28 -31 8 13 10 -13 31 
63
32 39 -19 -32 -15 -20 -47 -31 29 -4 -17 9 1 -26 -28 44 -7 -45 -49 34 -6 48 -24 10 -38 47 34 -46 28 29 14 -43 -10 17 46 33 -7 -21 -1 -42 20 -25 -40 3 13 47 -6 -50 -19 -46 -16 1 -11 -41 42 27 -3 -15 16 -29 -5 -40 -15 
13
-33 12 48 -5 -7 -8 -24 38 -32 2 -25 -47 -22 
45
28 -32 -4 7 25 41 -12 40 18 -5 -13 30 28 -36 36 -30 28 -47 -42 -4 -1 -25 17 43 -30 36 43 23 6 22 -32 -6 18 19 -27 -36 8 -46 21 22 0 -22 -38 34 14 
76
34 -3 -49 5 35 -31 15 12 27 4 -46 25 27 23 -37 -37 12 48 32 -5 -8 46 -1 29 -17 -13 -28 -49 -11 -23 -44 0 1 32 45 -2 -14 -33 16 11 -19 31 23 -20 -20 47 -37 20 5 -34 21 -37 -22 6 -33 10 27 30 37 -38 -15 -29 4 -1 9 10 -8 20 8 26 -43 -5 30 28 -41 -46 
20
10 -42 28 -33 11 -42 -4 -34 -42 -45 -32 35 -5 -15 33 40 -36 -20 -50 -37 
37
-46 30 -24 -22 31 45 19 47 24 39 -23 -45 -29 -21 47 -39 3 -22 36 20 41 -36 18 -22 26 -43 29 -32 6 40 -9 -40 20 -36 -25 -45 -2 
53
-10 -44 -25 -34 35 -4 28 -46 -44 -25 -32 28 49 39 35 -19 -19 -12 -43 9 -35 -9 42 14 -49 19 -7 32 -29 21 -6 26 46 7 16 11 -24 8 -45 -3 -34 -3 -15 10 8 -37 -9 28 22 -17 26 -5 10 
98
-46 8 -3 -6 -33 48 6 8 -18 -27 -16 0 7 20 -46 -34 17 -32 -23 -17 -31 -39 -7 -29 -41 5 39 4 -31 -1 3 -29 5 13 8 -31 -16 4 -32 -23 4 -47 -38 15 -40 46 -40 -20 18 21 18 5 30 -43 0 9 -5 -33 -48 7 41 -18 -40 -25 -34 14 -39 40 46 -35 -44 22 -34 35 -33 -15 -26 -12 3 21 -7 -29 44 23 -10 17 -2 20 29 26 47 -35 19 -24 -22 -33 10 -18 
78
-45 -33 -34 14 37 13 10 15 -12 34 44 -34 -3 -48 -48 8 37 26 34 6 48 19 24 -30 32 32 -16 28 13 45 -50 1 10 19 -44 30 48 25 -5 -17 22 12 -6 -23 44 -31 -43 -12 4 -31 3 49 1 -33 18 -7 46 25 23 30 23 18 -27 -18 -50 28 19 5 -19 -14 -2 -26 29 0 -13 44 2 -39 
21
-41 -42 -27 -31 2 -12 7 -37 -14 -11 -31 12 45 -36 43 28 -12 1 -32 -50 -19 
11
-17 14 20 -29 42 47 20 4 44 -4 -10 
4
36 8 13 47 
64
0 47 -1 19 12 16 -29 6 -13 3 -27 -27 14 -15 -31 5 -1 -14 23 1 -27 32 20 -30 4 11 19 -13 43 -22 -49 21 -36 32 -41 46 26 -41 -18 -3 9 -29 -44 25 -46 -50 -31 49 -1 23 -24 30 37 -7 -17 31 46 13 41 -34 2 38 4 48 
29
27 0 47 -5 -26 -8 -31 -22 -35 28 25 -49 -46 46 40 15 -17 4 2 -47 17 -6 18 5 16 -16 37 -46 44 
31
7 -45 -50 -28 2 39 2 5 21 3 -48 7 -36 -3 -12 20 -19 42 -22 -38 34 6 38 -17 28 47 37 -6 -16 -25 -40 
26
15 3 40 38 -21 45 -38 -19 -16 48 -40 -33 -12 -49 -43 7 7 -38 17 -10 9 -9 0 -16 -7 36 
2
37 42 
68
27 27 28 17 -30 10 -38 -22 -45 -12 -11 4 -19 -37 -45 -15 4 27 -11 -49 31 8 22 10 -47 -45 17 21 -6 -44 0 -34 -4 36 34 16 -29 -16 26 45 -44 18 41 16 32 30 -18 44 -11 -4 36 -26 -47 -16 -44 -29 -1 30 4 14 34 -21 34 25 -1 3 29 -23 
55
4 -36 23 -15 3 16 -44 29 -46 41 -20 48 -6 -4 19 38 6 12 23 14 -1 29 10 32 -18 40 -36 13 -9 8 3 22 -38 -44 -1 42 -33 22 -49 10 -30 -16 -48 30 -27 -19 33 6 38 -50 -42 -16 24 37 2 
59
25 -34 -5 -11 31 -28 -49 45 -33 2 2 -28 -29 7 -15 45 -6 -13 25 -6 10 11 20 5 33 10 -29 47 32 44 1 -20 48 -21 39 27 -15 -43 37 -17 -23 -14 -5 -38 -27 18 -29 33 -42 -23 -26 44 -17 5 -26 44 -47 -13 35 
62
-21 2 48 26 -25 37 24 3 -16 -29 32 8 -3 47 -9 -20 -2 45 5 -33 42 -29 12 29 -27 24 -19 -42 15 -1 -7 -2 -11 -37 3 -47 -22 -22 49 6 20 -46 37 -11 -48 -21 -30 39 35 -26 -22 -3 46 -31 -37 -24 -11 -40 -19 15 48 -20 
18
10 18 18 -15 -39 45 -1 -9 36 -47 -47 35 21 -24 24 -45 -6 38 
50
7 9 47 -41 -14 25 6 13 -25 -28 30 -49 -18 26 -46 -3 -30 47 12 11 -3 35 -25 -15 -26 29 -41 -17 43 13 29 48 28 -21 39 49 18 25 -33 47 18 -48 23 -12 4 -30 17 -38 -40 2 
20
-48 -8 -7 -22 -34 -12 -37 35 7 37 -23 -37 -46 35 10 -33 30 -30 3 -22 
85
27 3 37 19 8 11 -41 46 44 -22 -21 40 8 45 -49 20 -29 37 22 34 -50 9 -45 18 -49 -30 -8 19 -42 -33 -22 13 6 38 -34 -9 11 28 -32 -48 5 -12 -6 48 12 35 16 39 3 26 -13 -14 33 -23 27 13 18 -49 -48 48 8 34 6 29 -18 28 49 5 33 45 25 22 -20 -25 -18 -28 -16 -44 -6 -17 29 35 45 45 -21 
50
26 47 37 46 -27 37 18 -33 0 -6 -24 -27 10 49 37 35 -20 -2 0 -25 -42 -44 9 39 6 15 44 -41 -38 37 -12 27 36 -4 -1 -31 -39 -6 -40 6 -37 23 -37 2 -12 -37 -4 41 -49 -6 
71
21 49 -32 15 32 38 40 6 26 -15 14 -1 4 37 -24 -47 3 38 -26 15 -29 -5 -30 44 5 -27 7 18 -41 48 -44 45 36 5 -9 1 28 7 26 24 -11 10 14 29 41 -23 2 38 49 7 -5 3 -9 32 25 -21 1 -32 28 -46 26 -47 4 15 -24 21 34 8 -6 30 49 
56
30 -19 -41 -3 -33 36 31 -49 -19 -44 -13 -49 41 -26 -23 47 35 25 -40 -36 -11 44 -4 -47 -42 -28 -11 -48 -22 -42 -16 6 27 -6 27 -32 17 -10 19 -21 26 -48 35 -5 10 -15 -42 20 49 -19 -11 -19 -24 -1 22 10 
77
20 0 -49 -27 38 13 46 -48 -43 12 -23 44 -49 -42 -33 9 -19 11 -23 -7 30 32 31 -22 18 20 45 -8 29 44 -9 -19 40 -33 4 -18 16 -50 -34 4 -37 31 1 38 -4 -20 -49 17 10 -26 47 34 7 -33 32 -14 37 13 35 20 42 -40 -41 -38 24 -27 -19 -47 -25 -16 1 11 -50 19 -8 41 31 
36
22 30 19 -31 -39 -47 9 34 -34 -34 18 47 8 20 45 -29 -29 -39 44 -8 27 47 23 -29 5 -3 11 34 -27 37 -3 40 28 -44 40 -39 
36
-17 33 -26 2 5 -38 -12 -9 1 12 48 -29 -31 -44 14 -11 34 40 2 -41 11 -49 -50 -24 -16 3 -14 15 36 22 -32 -13 35 5 31 -33 
35
47 -46 21 -23 -50 33 -6 -29 -35 16 -4 1 34 43 -34 -32 -44 28 10 24 19 31 8 -3 -9 -42 -17 -3 -49 21 42 13 35 -50 5 
67
31 36 0 -23 -43 -3 -21 -31 -19 -12 -46 -28 32 16 -13 -23 -17 -46 -34 4 -8 -7 24 -30 29 -40 35 30 36 -32 -36 16 -44 -30 6 -3 -31 7 -21 16 -43 10 -23 28 -39 18 26 -31 -2 -27 -33 7 21 48 37 -3 -3 -33 9 34 -20 -49 -14 -30 -37 -13 20 
19
-46 48 7 -43 -34 45 -23 31 -19 -47 -8 10 -1 -30 -21 -40 -13 -14 23 
54
10 -32 21 -14 -27 1 38 -28 -47 7 -27 49 42 -19 21 20 -19 -31 -46 41 7 -37 17 -49 -12 2 -37 -29 -20 -8 -11 -47 -44 21 46 9 9 -36 25 30 26 17 -46 1 19 -22 -22 14 40 -7 -35 43 38 -26 
64
25 32 -7 -29 14 42 34 -16 -5 22 23 -43 -13 27 13 -42 -3 -49 47 43 -21 47 7 -48 -10 48 -34 -42 -16 24 3 25 -29 -5 3 10 23 27 3 -36 -13 30 5 -23 -3 15 4 -6 4 22 23 -25 29 44 -20 15 -24 38 5 -28 8 28 14 -19 
29
-23 32 45 -6 9 9 -40 -2 31 -27 27 14 -19 17 24 27 41 14 46 -39 37 -32 -14 -19 -20 -36 35 19 -6 
46
-20 8 -26 -21 -1 49 43 46 40 39 41 -3 -22 38 9 11 17 -13 34 20 -27 47 37 28 22 -8 8 -1 -31 -18 -46 -15 -43 6 -50 -19 -47 -26 29 31 49 -30 13 -45 31 33 
55
40 17 15 -33 48 32 17 -26 0 23 37 -47 40 15 -8 48 45 -7 -39 -3 46 10 16 -45 0 -25 -41 25 -12 -26 -44 15 38 -29 23 30 -28 -46 1 23 48 -45 29 46 -19 -24 -30 -28 -13 7 37 11 18 31 -16 
4
9 -27 -9 -6 
67
-14 -6 13 -6 4 -36 -47 38 -36 -14 44 -12 5 -49 21 -9 10 -2 -34 -21 -8 13 -15 9 36 -23 -26 -2 12 -43 32 19 40 -40 45 -49 -21 -27 27 27 41 25 45 -49 -13 -29 5 38 33 22 23 4 -48 9 9 2 32 -37 -48 -6 31 -6 -12 -45 27 -4 -20 
59
0 26 44 23 -42 25 14 -37 -34 30 26 30 -50 -50 -19 36 -42 -7 9 18 20 -2 -33 -18 -21 -16 -32 49 -32 40 -40 8 -19 -21 -8 -50 -26 -38 -9 30 -27 18 -20 -25 -7 13 -38 1 -6 -22 39 46 23 39 49 -6 -24 21 -46 
11
2 -44 -14 24 -28 -31 -37 27 -21 4 -36 
97
-15 34 -9 -48 -19 7 4 8 -50 -13 -43 -25 -10 33 -25 -14 17 45 -16 17 -2 38 3 9 1 39 -23 19 -22 -20 38 -9 17 -45 -13 11 27 24 28 25 -13 -48 49 -28 24 -43 -23 30 6 38 36 -43 -20 -28 -30 -29 1 -18 -46 23 -27 13 -37 34 26 -29 24 -30 -2 17 35 36 -20 22 -31 -32 22 49 -4 21 -47 -38 16 18 -41 -22 -2 40 48 -3 14 4 24 23 -24 -4 -25 
101
26 18 -45 -4 44 -23 2 -12 -32 -38 4 -25 26 40 -25 -44 30 3 -25 -38 -19 30 21 -36 42 33 42 -9 -6 -18 37 33 -19 46 -19 40 -46 -25 -24 -50 -3 -5 13 31 41 19 31 -27 17 25 -43 34 26 7 45 43 -12 49 -32 24 15 20 -12 16 -22 16 17 -18 15 39 -8 -44 42 -25 49 3 -1 46 -49 8 -19 28 -43 -43 -12 -7 47 3 -31 -37 -3 -6 21 -10 47 -3 3 26 27 -44 26 
85
-50 -33 -18 -22 37 45 6 -39 -25 33 -42 -36 -49 -36 -23 -39 0 -41 34 20 -50 30 10 24 -25 -43 42 9 34 -15 -1 41 -40 -50 1 19 -7 -31 16 -13 16 -31 16 16 -27 42 44 -30 11 35 29 36 39 27 -4 41 -29 -46 13 5 14 26 -2 34 31 22 11 -16 -43 13 35 -26 -38 -22 23 41 -50 43 29 38 -31 36 36 31 -5 
57
6 14 -24 -10 34 -14 41 -6 -33 2 -43 42 -40 -9 -9 47 -18 -48 40 39 -21 0 -40 -21 16 27 30 45 -3 -7 47 13 -48 3 37 12 -49 -36 -28 -3 34 19 -2 -18 -44 33 -18 34 -7 -26 18 33 48 -49 11 27 9 
10
29 -46 26 13 42 -39 -42 -48 -21 -19 
2
-50 -6 
27
-25 18 -10 22 -20 34 -24 -1 -16 44 -26 -6 30 -6 33 -46 -43 -29 2 36 -2 20 21 24 36 -39 -38 
84
42 29 -19 -39 -18 -21 44 -41 6 -42 -27 -39 23 -11 21 -35 22 -33 11 -7 -6 -42 34 5 -43 14 -21 -1 42 13 -43 13 -25 21 -3 18 -4 6 44 -4 -25 40 34 0 26 -14 -14 34 -50 36 -8 -34 1 -1 -23 -8 -26 27 41 16 -16 -50 9 -47 -8 -18 35 -33 7 -46 15 -15 -36 13 -25 -8 -11 -32 -37 -2 11 47 41 -37 
94
25 -5 2 27 -1 14 30 -50 -42 33 23 -29 -28 39 -42 -48 -36 -11 -45 43 -47 3 10 -40 17 -8 36 -34 -26 -47 32 -34 21 -46 -15 19 -30 -29 -6 44 -14 -10 -29 -9 18 48 -27 -12 1 -27 45 18 0 15 17 35 -27 -14 36 37 34 10 48 -33 27 33 4 -10 -17 4 -14 -46 -39 11 -43 25 -47 -9 -48 49 43 12 39 -5 34 -33 -26 -42 -42 -3 31 -14 -26 -48 
34
23 -33 -18 0 9 19 -4 -20 17 -31 -31 -10 47 -19 -17 -39 -43 26 29 2 8 -29 -31 -33 -10 19 -16 0 36 -16 -24 1 -7 -15 
77
23 46 -38 -12 -20 15 48 -21 -47 -2 6 5 -34 -21 40 17 5 28 -6 -40 -18 41 15 16 -1 -26 -14 38 -34 20 -20 -40 39 34 32 11 48 17 19 -6 6 -18 36 -48 -42 -38 -45 11 36 22 -40 -2 -5 1 -33 32 29 -42 41 -19 -33 30 2 -40 20 9 -16 22 10 -28 -38 10 26 39 -50 -47 -10 
28
36 -12 -8 -44 25 36 -20 44 43 17 -32 -25 -23 10 20 -38 -11 -28 -11 -28 48 32 -14 -21 5 -38 28 6 
14
20 9 -32 -5 -36 48 -3 -47 -19 3 -4 -34 -41 43 
61
-38 -16 3 -28 -3 13 6 -15 -18 46 -10 -15 -36 27 -23 49 22 24 -41 34 32 -2 24 9 39 -2 -40 -9 46 -47 19 48 -37 20 -10 32 4 14 -17 14 23 24 0 20 -26 20 -21 6 19 -38 45 -14 3 18 -16 -44 -47 10 41 19 45 
55
46 8 22 -7 48 30 -27 41 41 21 3 17 -49 -5 -8 34 -12 7 -23 21 -39 -44 11 -2 -27 -34 29 30 32 -17 -20 22 47 5 13 0 42 34 -45 -30 11 36 -3 34 44 37 -38 32 36 -10 -13 -22 -26 -16 -15 
35
-22 35 44 29 44 35 19 -38 -5 -45 13 33 -38 -4 -49 18 -31 -14 -21 -26 -26 24 44 -13 29 -18 -49 32 1 -2 -31 -40 32 -8 6 
20
22 -25 -50 46 0 -25 6 3 -6 16 -15 41 -29 30 -41 -7 -7 15 22 11 
41
15 31 12 -40 -26 -1 -45 -23 -41 -38 -33 33 -13 17 -25 -8 7 43 47 -14 46 33 2 18 -38 22 41 -46 -50 27 -9 15 -48 32 29 -38 -31 -9 -32 -29 -3 
14
-35 -27 3 11 -44 7 32 46 -8 45 -49 -10 6 -47 
25
-16 20 -33 -47 -15 -12 -16 -45 26 -8 15 21 -48 44 14 -37 -8 -1 38 39 17 -30 27 31 37 
43
43 -23 6 0 33 19 32 -10 7 -36 34 -31 15 -49 24 -35 -16 -45 8 -37 16 47 9 -44 13 23 3 -27 46 42 13 19 44 -47 15 1 25 -44 -8 40 7 36 3 
95
-24 0 4 35 0 40 37 -20 35 3 37 -47 -19 35 21 -8 4 -21 -30 -23 41 28 38 37 41 -28 22 46 -3 39 7 -7 43 -6 16 -21 -13 30 36 -40 7 -47 40 -39 -49 4 -21 -5 15 -20 -25 -47 -43 28 -13 7 37 -45 23 7 -32 -6 12 40 9 25 -23 0 -38 27 25 -26 -26 -49 -19 41 -39 -28 4 -36 -23 -45 34 -6 -28 -37 -14 19 18 -43 -41 -20 4 34 -28 
35
37 14 43 -9 40 -50 39 -1 -2 48 -2 -20 13 32 -23 -24 -6 -25 17 40 -33 -8 -50 22 -5 31 2 48 -46 -23 -40 -41 8 19 -26 
19
-39 30 39 -46 -22 -5 -39 -45 -33 -39 -34 -38 -48 -21 -31 -47 -23 22 48 
56
-39 -9 -44 16 -7 -43 -28 -20 44 25 -39 5 -2 -47 2 32 31 42 -21 34 9 13 -45 -16 45 37 -30 -50 6 -21 0 -4 -50 -10 32 47 -11 20 -48 -35 15 21 5 1 -22 -18 -10 33 -20 40 28 40 -39 30 -48 14 
100
20 -32 10 46 2 14 35 12 41 43 -6 43 32 0 39 33 25 -25 10 29 -3 -13 -36 -3 1 23 -42 -33 -33 16 1 14 28 -50 -1 -10 11 -18 -3 39 26 5 1 46 -28 35 -31 -44 -9 36 13 39 -6 31 38 -5 -27 -50 -9 33 27 -39 -3 6 -3 -26 41 21 10 19 32 33 -9 -30 3 -14 35 -2 -36 -46 -35 35 -23 -11 -15 12 46 0 36 -5 4 -39 -36 17 -3 32 -9 -6 -47 -12 
71
-9 3 12 14 -6 -8 11 31 45 -29 7 33 -21 31 -10 -2 40 -19 18 34 47 17 -18 13 37 1 44 47 -25 39 -6 -26 16 40 -32 9 -32 18 2 23 -8 -21 -27 42 15 -42 47 9 -23 -18 33 12 34 41 -47 -42 -39 -45 43 -9 49 30 -21 -9 3 -16 7 15 -47 18 -5 
35
35 -16 -42 39 28 35 26 10 -28 -10 36 44 19 12 -7 -33 12 -28 36 -12 15 -22 -29 -29 -24 -18 11 44 49 -41 -12 3 25 -11 9 
22
2 -7 -42 42 -40 -8 -33 39 4 -45 18 20 3 11 -21 34 47 -3 31 28 14 -13 
27
4 -44 -5 47 -9 36 -29 19 -18 29 -11 28 -41 -33 -23 10 -26 -45 -46 -32 17 -1 2 -31 -10 19 -15 
62
27 -49 30 40 -1 14 2 27 35 -10 49 -5 -49 1 -29 -10 -30 31 13 -6 -49 13 48 16 -30 -50 49 -15 -50 8 2 -8 49 37 12 21 5 -6 -15 44 7 0 -20 17 -47 45 6 -45 28 17 -29 -10 12 -46 -30 25 -25 28 -35 47 8 -6 
17
-14 20 -23 -24 -18 -10 42 36 -21 -40 -39 -37 13 -36 31 -41 31 
19
37 32 18 -41 -10 39 -8 13 23 -30 24 19 28 -19 -37 -46 31 7 -5 
46
4 38 7 -36 -5 39 24 -8 -43 -19 -13 45 -5 -17 -25 30 -32 36 -33 6 14 23 -41 -26 0 47 23 41 -26 29 -19 17 -35 -1 29 -32 -32 -45 33 9 -5 -19 18 24 10 -15 
84
-40 10 -3 36 0 28 -7 -24 -1 28 -17 27 -5 40 -27 -33 31 44 -15 -25 -23 5 32 -31 -44 23 26 -16 26 -8 -26 45 16 34 49 43 -15 -50 19 -24 45 9 4 30 -29 -21 12 -2 32 31 -50 -29 -31 -18 30 38 35 -16 41 37 46 -33 -7 -26 0 1 8 26 -29 -48 18 38 36 39 43 16 9 28 -43 24 25 -48 -26 37 
98
31 20 -42 -17 -7 6 -6 -32 48 -10 32 43 3 -16 -45 44 -47 -23 -14 -44 -50 -5 29 32 -21 -35 11 4 4 -6 -13 -14 0 11 -39 -27 -33 -8 -6 -12 -29 -10 2 -23 39 6 -11 -22 -33 29 -12 -43 -22 9 -22 46 40 27 35 35 19 37 -1 -13 24 18 -15 35 26 -36 -22 -14 -45 -7 -15 -2 11 1 -11 -40 -48 10 25 -9 -38 29 31 -30 -26 12 14 -20 33 -11 8 28 28 34 
4
-29 30 -27 41 
42
6 -34 -44 2 -47 46 -30 -7 -39 -37 -44 6 11 -50 14 8 35 -36 -50 -31 -50 -45 15 -31 20 22 26 48 38 32 47 44 18 26 3 -15 42 12 12 -5 -6 41 
70
-46 -31 -4 -43 13 21 30 18 -3 -19 5 15 -14 28 23 13 29 -20 -28 48 8 4 -44 -42 40 -14 -39 -8 -31 -25 35 -11 -21 -12 -20 7 15 25 34 7 -45 36 27 -40 39 -32 -19 -29 -20 22 -46 29 22 -4 -15 34 -39 32 -23 -23 -37 44 14 -1 -3 15 -26 16 -33 -46 
26
-16 37 -3 1 2 -32 7 -17 27 -4 1 25 -31 46 13 -19 -50 37 -2 38 -1 9 28 49 -16 21 
28
-31 -11 33 38 19 -7 -34 48 -35 -46 29 35 -42 -38 -27 25 27 -27 -47 29 -17 -26 29 34 41 -50 -9 44 
41
-41 -7 25 -14 33 30 -41 -48 23 2 11 -50 -13 30 26 37 -37 3 1 21 7 -3 34 -25 -13 23 -35 12 -49 -31 -40 22 -48 -9 -9 33 44 16 -13 -13 40 
49
-23 38 38 -41 41 -35 -6 -18 -25 -3 -31 -16 41 46 -24 -23 -17 31 -15 -8 -4 -25 35 -43 38 8 15 9 8 20 -5 -25 5 -27 34 -16 -41 -11 -33 -34 -3 31 -17 -36 14 28 9 -23 16 
22
-8 18 -40 20 -43 1 34 38 -31 31 -2 -48 5 -44 28 25 -33 26 18 34 39 47 
72
26 -1 43 -27 -11 -33 45 -37 24 -19 -40 11 -1 -20 -38 -18 33 -46 -36 19 23 44 24 -22 -21 21 19 -32 -5 9 49 -4 43 -33 3 -46 7 41 -36 -6 45 -17 11 -2 29 -21 -21 -13 34 -17 30 18 -20 -45 -32 -41 -10 45 -20 18 45 -42 -39 -47 30 -41 14 -20 37 -1 -47 11 
98
-41 -23 -47 37 35 -42 29 -32 -41 7 -38 47 -2 34 42 -9 46 42 -40 28 40 -31 18 -6 45 23 32 1 22 -38 -9 -41 -37 -16 -36 -16 46 2 -48 -44 -18 -18 40 -46 42 -25 41 49 -4 -13 10 -5 25 -6 -11 -1 -9 -6 6 35 -31 -26 45 -25 17 2 35 -19 19 -17 -28 -27 17 31 24 3 2 -28 30 14 24 13 -36 -25 -39 -11 0 -30 -44 43 18 12 -24 -31 -13 -21 -4 -43 
13
-30 7 33 -23 -48 19 6 41 38 -30 -29 30 -34 
77
-1 9 -1 34 -28 -12 -49 -7 -2 -29 -20 23 -5 -1 6 9 -16 -12 7 5 -12 -46 20 40 11 -27 -20 -17 -46 -43 38 19 41 18 -24 18 -7 28 45 -15 3 -41 -6 7 -36 7 -43 23 34 14 -46 -11 48 28 -42 24 34 18 -16 24 32 -34 -10 -46 14 -49 -15 -7 2 -2 -19 -24 -46 20 -17 31 -12 
81
15 2 -19 -8 44 11 -23 31 38 48 43 -3 -49 -15 48 19 37 43 -20 -48 -49 17 13 8 6 -30 27 19 -50 -24 12 -7 29 39 -28 -6 -12 -28 -25 -9 23 15 -46 -18 -11 7 48 -26 -48 -43 14 -47 -30 -40 -27 -20 -35 -32 46 40 -28 4 42 33 31 17 7 43 -1 -21 -29 12 34 -47 35 33 -23 37 39 -36 -34 
49
8 -27 9 5 30 -4 -10 -3 19 -49 1 -47 23 44 48 -16 38 -48 4 20 -41 -3 46 23 35 -38 4 -29 -3 -43 0 -10 34 18 -19 45 -40 12 4 -19 3 7 -40 -25 28 -3 -3 -16 -7 
74
33 -4 36 -45 32 44 48 32 -3 -19 -6 25 34 -8 48 42 -31 -49 43 -42 -49 37 4 -50 -18 -4 -5 -35 49 -46 -47 -33 -10 14 -5 30 47 33 -8 32 -7 -16 -30 7 -33 -45 23 26 -34 39 -13 -39 -28 44 8 10 -26 -42 -34 -8 5 25 48 -9 20 30 -5 -30 8 -4 -7 -34 36 11 
81
48 27 -8 -23 33 -29 37 0 -48 -5 10 -15 -32 -20 13 43 -46 -48 -43 -45 -12 11 -19 27 -9 23 7 -3 -42 -27 35 43 28 31 -22 -21 49 -43 18 -42 0 3 36 -43 23 -42 -13 -4 34 35 39 2 33 22 -26 -19 -20 -45 34 -38 20 32 -25 -20 31 -45 13 -50 8 3 -35 1 13 41 -47 -46 33 -34 -42 28 17 
9
-46 -2 -11 -46 1 16 -5 -8 -1 
50
15 43 -41 8 45 -6 -38 -12 35 -34 -25 33 -38 9 -15 30 -28 8 9 38 -40 -21 46 1 9 -18 -5 15 -6 47 -4 32 -3 11 -5 -36 -42 5 -16 43 6 6 18 27 29 -38 -47 16 -35 25 
25
-4 -15 -15 -12 -15 -7 19 -29 4 42 -12 40 -33 0 18 -28 42 29 36 31 13 -47 -42 17 17 
12
16 4 -40 28 -31 -43 33 20 -50 47 40 32 
8
17 34 -30 43 44 29 17 48 
5
-21 23 -14 20 48 
76
-1 -3 8 -28 44 14 26 -39 -37 -19 13 -1 39 -49 4 36 -42 -31 -43 16 -6 47 21 -45 -35 14 4 4 19 -42 -26 -46 12 36 -31 21 -26 19 -7 -16 3 9 0 -48 7 -7 32 -33 25 -24 -43 -50 -16 49 -1 48 0 8 -21 8 20 17 5 -32 22 -47 31 -5 -7 20 24 36 -37 -46 -10 -47 
87
-44 -8 42 4 -39 -50 49 11 -18 -37 -22 -35 2 2 43 29 30 -32 6 -40 -24 -39 -42 10 44 -4 -22 -12 35 12 8 27 20 4 29 -20 29 -16 25 -37 -29 -35 46 41 4 32 -20 13 24 39 -36 31 49 -43 37 28 -20 -34 -10 -35 -15 -8 25 -22 26 35 16 -24 -41 44 26 22 -33 10 44 -48 39 28 0 -39 -13 46 26 15 -39 18 33 
56
-25 46 36 20 47 23 -46 4 44 35 -21 29 -21 40 4 -11 -49 8 -20 -39 -30 -48 -49 -12 3 -7 23 31 -24 4 -50 22 9 24 4 -47 -23 -3 41 -50 -27 -29 45 42 -43 17 46 27 -3 -4 18 41 -23 -41 17 31 
37
-28 -19 40 -32 -22 -40 -47 22 -23 -35 41 43 -29 44 16 2 24 -37 0 46 -44 -23 -15 11 19 -31 35 48 41 -46 -14 4 23 38 -23 -5 34 
91
-39 47 -45 13 0 -10 35 -19 25 21 -44 1 -45 5 31 -7 42 -43 -25 6 -36 -48 -46 17 4 29 -34 23 -49 -12 -33 -34 -33 47 -33 22 17 -27 -21 13 -10 45 12 47 2 -30 20 22 -4 -39 41 17 -13 -32 18 -32 29 22 38 -17 41 -8 33 -10 -17 46 -2 29 -43 28 21 -33 18 -18 -44 41 45 -38 29 0 35 45 14 42 38 -15 21 5 -6 42 25 
72
8 29 25 32 12 29 -49 -18 23 -32 -17 45 -30 -27 -35 10 -38 40 -32 -6 44 25 -31 9 -42 5 16 -7 23 6 -4 -48 -21 33 -3 -23 11 11 41 -48 -40 -17 -16 -19 34 17 29 -33 -34 -24 8 -18 -9 11 -35 33 -39 43 -47 4 -1 -4 0 -12 27 -48 6 -48 32 -36 6 32 
7
44 40 44 17 6 -43 48 
40
-10 21 38 39 -23 44 15 39 -44 -15 9 27 19 -29 20 -36 5 8 -48 14 -40 25 -1 -35 28 2 46 -45 33 42 5 -47 11 43 -25 41 23 -3 -25 -49 
66
-8 -15 35 -21 23 -4 -27 -4 -12 8 -43 -4 -2 -17 -42 -3 20 -37 42 45 23 10 40 -22 45 8 -28 -25 -4 -11 2 -4 -41 -19 -22 41 -46 48 -17 5 32 -47 14 0 4 0 -27 -14 41 -25 -13 -10 19 -10 -9 12 29 -41 -31 27 29 -19 -29 30 32 -25 
84
31 -22 -5 25 -43 26 -41 -35 22 41 -44 27 44 45 1 -31 9 4 -9 -6 -24 -38 -18 -13 -6 0 -34 -25 21 -43 -45 -34 4 22 10 8 19 -16 -34 -19 48 20 5 39 -2 12 26 -19 1 29 -21 47 10 13 -30 -25 -43 -39 -22 6 48 13 11 40 41 -2 -15 -21 7 -8 -15 -45 -47 34 -39 6 -16 -45 10 46 30 30 39 -21 
86
-24 -49 41 -10 48 35 -37 7 11 -35 33 -12 -2 32 -5 45 -3 30 -30 10 -7 -18 31 18 48 13 6 -11 -9 43 37 49 -48 25 44 -37 13 10 19 2 29 -17 -46 48 -2 -49 -48 6 47 -17 3 17 22 -47 -41 29 -32 -37 -3 28 -20 -18 2 -38 37 24 9 40 20 -37 -43 -18 -26 -41 34 -42 -10 25 17 -30 -15 -35 -14 4 -3 9 
57
-44 -41 -41 -19 -2 45 -30 -35 -6 28 -45 43 12 -14 5 -38 11 22 30 -42 9 -22 28 -29 -37 -7 32 42 27 38 40 -38 47 26 7 3 -28 -50 -31 24 11 -17 -9 -17 -33 -27 -30 -3 -41 45 -1 41 -7 22 -18 -39 -41 
66
43 15 -32 -14 20 -38 -1 43 -23 -26 -44 -25 32 15 23 32 44 20 -15 30 -24 -1 44 -49 8 16 26 22 32 -16 5 24 -40 15 9 -5 46 44 19 48 46 -45 13 -16 -37 -49 -46 -35 -6 -29 11 -14 28 43 29 -24 -33 -21 -43 2 9 -33 30 31 17 31 
42
3 -2 -43 23 -21 -7 37 -29 21 -15 20 34 44 -7 44 48 -49 -50 46 -45 24 -43 -23 25 31 31 -45 4 -21 47 18 45 -8 12 -16 -24 6 0 -2 -49 -21 44 
33
-23 -45 -8 34 -36 -49 -47 0 4 -1 -38 -13 -34 23 -32 23 -19 5 -42 -15 -28 0 -25 -42 17 32 17 -26 4 -32 34 -33 38 
8
17 29 -48 -3 -29 36 10 1 
86
-28 -23 -17 -23 -36 -11 15 22 -1 -37 42 -39 10 -34 -11 1 -42 6 14 8 -47 -46 -30 -6 11 34 12 -14 -5 13 -33 -4 21 49 -40 2 -30 -33 14 -14 -50 -32 18 32 -47 -12 12 44 -30 -2 -45 34 -44 -32 17 -16 45 29 38 35 -48 32 -41 -22 -19 -30 16 -29 -24 -33 39 -36 -14 5 -25 1 -33 -11 -33 38 -19 -21 17 35 -5 4 
33
23 -38 46 30 42 32 -1 -22 38 21 21 -31 -32 -41 -15 -8 6 12 49 -21 36 -21 -8 -47 -17 -40 45 2 -11 3 -33 -50 10 
28
27 -40 19 26 22 -11 -23 37 45 -22 -4 -30 -38 -25 1 -8 37 41 -44 -50 26 30 -22 -6 21 0 -42 -16 
19
40 -14 -5 39 -20 -39 3 22 -14 31 12 -22 -41 44 -34 -47 -46 -28 45 
20
-43 35 -45 -31 -2 28 -36 -10 46 23 13 -1 35 28 -48 47 -38 -14 7 -3 
51
39 -45 -11 35 -12 10 -14 -37 -19 -20 2 3 -1 -29 8 -50 -27 5 0 -8 20 11 -4 -49 46 35 -26 -10 28 17 -6 23 43 -35 37 20 -12 11 38 -35 22 0 27 8 -39 -15 43 -20 -43 -18 -8 
26
-27 -31 -24 0 -12 -41 -28 -36 12 -7 30 -50 -47 31 42 37 -4 45 -5 -41 -3 30 28 10 21 -10 
3
13 -8 -21 
20
40 22 20 30 -1 40 24 -11 37 13 -35 -25 39 -14 36 24 -38 11 -33 24 
59
-24 18 16 2 31 22 -13 9 29 3 -5 -10 -6 -29 -38 -10 24 -4 34 3 -7 34 -28 -16 26 49 -40 -49 23 -30 -34 -28 -37 3 -5 -44 -38 -12 20 25 -46 23 -6 4 6 3 -11 18 30 -11 10 -21 2 -49 -22 4 -7 -35 -11 
28
38 -11 11 46 4 18 -30 -3 -25 -32 -8 -17 -11 -6 23 46 -42 -28 38 -36 -48 47 49 -6 -26 -3 -8 -41 
30
5 48 26 -15 33 -42 -43 9 14 32 -41 14 23 -39 41 26 -35 -39 -4 6 37 45 -34 -46 3 44 -6 31 3 -38 
53
11 45 -37 3 11 49 -16 -3 -4 3 9 32 43 13 31 17 -5 7 20 -17 22 -30 31 34 38 12 -50 41 -19 31 -24 18 -14 16 28 -40 -50 -38 11 22 47 -45 -50 14 -50 9 -24 -35 -5 49 -27 -19 33 
100
-13 -25 7 -9 -17 -23 -46 26 -29 -37 -28 11 27 34 -44 35 10 24 -13 -36 38 -5 3 24 -42 -28 -39 -22 15 -49 20 -45 21 28 0 -24 20 28 29 35 26 -46 36 45 6 39 -30 41 -46 24 -29 10 45 38 -7 10 12 -46 -38 3 -22 -30 -49 47 18 -1 -6 30 -32 -31 41 -22 34 8 -12 23 43 9 -16 -12 37 44 -3 2 -24 27 33 -10 -49 -6 10 -40 -17 24 46 -10 40 -41 37 38 
43
24 43 -11 -39 42 -30 40 6 -6 -22 31 26 37 -5 -29 -6 -7 19 32 34 10 -19 4 -19 23 9 -9 -6 -24 -23 43 21 -35 11 1 -7 -30 27 -15 -7 -44 20 -37 
53
-12 -34 -25 27 -50 35 45 -3 -19 23 20 16 -46 -33 -4 -35 18 -35 14 47 47 -32 -39 -14 -27 -25 34 -2 41 -7 15 -13 -17 -18 -45 27 -7 17 9 -12 23 19 47 -3 20 2 25 -49 -11 -5 -25 20 8 
52
19 -22 0 2 22 9 47 38 -4 -13 -28 15 17 11 -30 -44 11 36 -20 -10 46 -41 11 -24 40 27 -15 -47 -27 -47 0 1 -33 -49 -6 -40 41 -28 49 47 -47 13 38 -23 21 22 5 -39 48 -24 -35 -40 
93
30 26 10 -26 46 42 -28 -20 21 25 -40 38 -35 -2 -24 -27 1 -25 0 11 26 28 -21 19 33 43 28 23 -7 20 -43 7 -30 49 8 37 6 -11 15 29 -8 0 17 -28 -42 -42 -21 -9 -33 -35 -39 30 29 -44 -26 -50 -25 -26 41 -19 46 22 -23 12 -36 16 29 -19 49 -12 -48 4 30 25 -36 -16 48 49 34 -38 -29 47 -19 -19 -30 37 14 -18 44 7 36 -30 7 
99
-49 -15 27 7 19 -6 -37 4 -15 -16 -4 48 -19 27 -38 -21 6 36 -28 -43 34 -27 41 47 -45 4 -4 -2 0 17 -40 -32 -16 -26 -32 -14 8 7 14 30 -8 38 9 2 31 -4 -27 20 -30 -7 -38 -13 42 -7 -49 -2 -11 -36 -16 -48 43 -14 34 -41 -20 -14 -10 -31 -19 24 12 -40 15 -10 49 -35 -33 28 32 -20 -3 2 25 41 -50 30 -21 -34 47 -3 -17 -9 27 19 36 -42 -49 -14 25 
36
42 -42 -19 -12 35 22 29 -33 -39 -1 -1 -5 -34 -9 42 -28 21 19 22 27 26 0 37 -15 -35 -7 -18 -33 9 -39 33 -24 -18 -3 -49 -32 
87
-23 -16 -50 5 -40 18 37 -42 -25 -16 -18 -23 -35 -49 21 30 24 -21 -48 -40 -1 5 -40 -34 -8 3 3 -21 32 36 -38 37 17 -18 12 11 -33 38 -26 21 -37 -45 24 16 15 -50 -12 -37 46 8 -6 2 -5 7 4 -23 47 18 -21 -5 -36 24 -43 -37 -37 16 -8 -26 21 -42 42 11 18 -48 31 31 -42 47 -32 1 -3 -20 -38 -39 17 47 -33 
47
-15 22 -42 15 -32 17 9 -26 -38 -23 -19 48 -42 -50 10 -17 -3 34 -47 -34 22 -17 -2 19 38 -16 19 34 42 18 -20 12 26 -44 -18 -25 -7 -39 -31 34 -17 45 21 35 -7 3 40 
83
-21 -47 -12 17 -26 9 48 3 -19 -2 -17 1 -15 -38 13 24 44 -49 41 30 26 47 -5 39 -15 -31 35 -8 47 -20 34 49 1 -42 -18 0 -41 -11 -12 35 -35 1 49 -38 40 34 -39 26 4 3 -27 26 0 -24 34 28 -15 -12 -41 30 12 -43 22 38 -9 -8 1 -50 -8 32 -16 -32 -14 -38 -35 5 0 -1 -12 -12 29 5 33 
41
-49 -37 -26 39 26 2 49 47 23 -45 -34 34 -36 -41 -12 24 -2 21 6 -6 -2 47 23 1 7 32 -41 -20 -35 40 -44 36 -10 32 -37 14 37 7 -27 25 -12 
25
28 8 32 -8 39 -2 8 -12 -16 -28 42 -17 3 -21 -27 -11 32 7 16 20 28 -29 2 -49 -50 
50
-22 -36 -49 -35 -8 19 38 2 -7 17 -6 0 -5 10 -48 -32 -43 -41 -3 -17 -50 34 36 -19 11 -11 -16 46 -22 -27 49 7 24 -44 -17 27 -41 18 -13 -6 36 25 49 46 39 6 5 48 -35 -43 
34
-19 -3 12 31 -18 34 16 8 -27 -13 -47 -27 -8 48 -1 18 -49 16 1 34 1 44 29 8 35 -9 40 7 13 14 -45 12 25 18 
98
-26 25 28 -4 -4 43 0 -37 -29 -25 -23 -34 22 1 4 -20 -27 39 19 -21 31 -7 -20 24 -14 -29 45 29 28 19 18 36 23 31 -7 26 -36 -27 -34 20 49 46 -4 -4 -24 24 -34 44 -9 -5 -11 10 22 -42 -27 -21 -30 -3 -10 10 -13 -10 17 27 -33 -12 19 -11 -24 -1 -27 -49 -12 34 48 -46 -23 -11 23 27 12 -5 -25 27 -31 -41 11 4 19 -27 0 -6 -41 -17 -34 -26 31 24 
71
1 13 5 16 -8 29 35 30 -2 35 -48 -34 -24 24 33 21 24 -24 -25 45 44 -43 -23 -44 -27 -2 -38 -2 -19 -34 -1 -32 -26 -35 35 31 -4 15 -16 2 18 -20 -47 32 12 -21 38 -10 -9 -4 -24 -36 22 8 -2 -43 -37 38 -21 -16 25 -9 12 -8 45 13 48 -5 -10 49 -49 
95
-38 22 -44 -7 -27 34 46 42 -16 -37 48 -37 2 -36 -44 32 -19 -35 5 1 33 -4 33 -21 13 14 -43 -40 14 9 42 -43 8 -13 40 -36 38 3 25 -41 45 -38 -36 -17 0 13 43 -4 35 46 -35 0 5 28 32 -30 6 -22 30 49 -15 30 34 41 -38 14 6 34 31 -29 15 -21 20 -42 -16 -32 37 -24 -46 -10 -9 28 36 42 22 39 -50 37 -19 -5 19 27 -34 -16 7 
99
23 -37 -26 34 -11 23 -41 -2 45 -35 -44 -31 16 7 -14 46 -17 45 16 -5 10 44 -33 -1 -11 3 0 2 -3 7 -23 19 -12 37 20 33 27 37 -30 37 -18 17 44 47 49 23 -24 -49 -30 44 -47 -38 40 25 -38 -23 -26 -40 28 -15 -2 -33 -5 -45 -20 -6 4 42 -31 31 -36 -29 -7 -43 3 1 -39 13 -42 -15 41 21 21 27 -43 -39 21 6 -23 -31 21 -36 -34 32 -13 -18 -17 37 38 
30
-12 -17 -39 38 -3 49 -30 -28 -45 -44 8 -14 -25 -48 6 12 -9 1 -38 -49 33 -19 -27 32 -24 34 43 -18 -23 -50 
41
37 31 39 -19 27 47 -32 5 -25 11 -29 36 -21 -16 33 22 10 -23 19 -22 -1 38 2 5 -39 13 41 24 -9 -29 37 10 14 26 41 -49 -44 -50 44 -12 -1 
42
-28 -44 -17 -28 40 27 28 -1 28 -39 -5 16 -21 -43 22 43 49 30 43 32 15 41 49 10 3 -36 -35 46 -48 -17 -28 27 38 17 -28 8 -34 -26 40 -14 4 -26 
27
-44 48 -16 36 8 22 28 -45 -7 -50 6 -40 34 -36 -12 49 36 -20 41 33 -30 -16 39 -22 -49 17 30 
82
-27 -44 -49 30 37 -43 -32 23 -36 -11 24 6 44 23 20 32 26 0 -45 -3 46 4 -32 22 -21 -44 46 26 26 -18 -47 -9 -19 22 -38 -23 36 38 -29 -18 -26 44 -8 -3 39 -33 -19 -40 -10 19 37 -11 35 12 22 29 -5 -39 30 28 15 2 17 23 -32 11 44 23 -12 36 46 17 -50 -19 9 -45 -38 28 39 -18 47 -43 
93
24 -48 -23 -20 7 -3 -21 -14 -45 32 -5 -17 -3 44 28 41 -35 -7 49 -3 41 -20 26 23 -6 -49 0 35 38 -44 -46 45 30 11 17 5 -41 -50 18 48 36 17 35 -33 26 25 -24 33 26 43 -14 -21 -26 32 37 18 22 16 29 -7 -19 26 -18 -37 -7 -13 -31 -17 23 -43 -49 -50 22 -28 4 37 -35 -27 26 -33 -49 -5 -25 6 -25 -17 37 13 36 -11 9 -44 -33 
28
-27 12 -18 12 18 -16 -21 2 -48 -3 22 27 -28 12 43 -2 -20 29 -25 -36 -7 40 45 -43 49 33 -8 -40 
66
26 -37 -34 -1 43 0 -45 30 -35 16 13 26 32 -29 -27 -11 38 -41 -49 5 -27 -40 -38 -2 30 -9 20 -37 38 1 23 2 49 6 8 -7 -50 0 -29 23 2 -38 -33 45 33 -42 -1 -47 5 -42 -3 -31 24 23 -6 -36 16 30 -14 -34 -44 32 25 16 -2 43 
39
-47 -45 -3 -20 27 -41 -48 -21 46 46 -33 -16 15 -38 24 43 35 10 38 -5 45 49 17 -22 42 -45 12 -21 -24 -3 27 -34 13 24 25 31 24 -48 -37 
65
-37 24 33 4 35 41 12 -23 5 30 37 -7 -17 11 49 33 -21 3 -42 -40 -46 -10 -47 -11 3 -45 12 -33 8 16 10 10 -34 -13 21 -4 29 -3 -45 -37 -26 -50 11 45 29 28 -38 30 25 39 -23 0 38 -28 -10 9 -15 16 43 -8 -39 8 18 -43 21 
11
-50 -6 -11 4 -12 -22 39 40 5 -30 -45 
69
35 -39 0 40 -30 -36 -36 -39 -22 -7 -11 -19 -38 38 42 4 -14 -50 -38 -33 -3 -43 -5 20 28 9 -42 41 -9 48 12 -22 -15 30 16 -18 -43 42 16 -41 0 49 9 24 32 34 27 32 19 -34 -48 9 29 -26 -29 -42 -42 -43 -4 -35 -4 -49 34 3 39 -50 -11 17 -15 
72
-38 -9 -20 2 -28 -9 10 0 44 40 -3 -8 22 -17 7 -5 -7 -14 7 -35 9 -45 4 20 -28 32 30 48 0 -8 -41 46 -14 -4 -17 14 -30 -4 11 -46 -3 31 -29 24 -30 -6 10 -37 -46 -12 -26 -11 -42 -3 -8 14 -42 -8 29 28 27 33 38 -37 -47 -28 45 0 -6 -44 40 -26 
30
-41 -31 -26 -45 14 -21 -46 24 3 37 -39 -35 9 28 30 -27 32 21 7 48 -38 -25 -29 9 1 46 13 34 -6 -43 
19
27 -34 -39 31 -27 19 46 33 -40 -44 41 -6 -13 48 -1 -13 47 -12 -42 
96
5 40 -23 38 19 -15 4 23 13 -32 -19 33 -36 45 20 26 -16 -12 -38 -37 -33 27 44 11 -19 6 22 -35 25 -20 -29 11 44 31 13 -43 -4 -22 46 9 -13 36 -44 -31 -6 43 29 -28 12 -30 8 36 -5 -20 -22 48 -34 11 -32 8 3 48 -8 25 3 -29 -29 15 -2 -44 6 -40 41 -37 15 -34 -33 -2 -22 -44 49 -15 -17 -31 18 -33 10 -19 29 30 -34 -11 -42 -13 2 49 
76
-41 -34 28 -29 13 24 -22 -39 17 -50 9 20 -40 -37 14 -48 -47 -16 9 -49 -40 21 39 -44 -3 36 -25 16 42 17 19 14 40 34 9 -26 32 18 -22 0 34 8 12 -30 -30 -43 -46 7 34 -10 32 -7 46 -5 22 30 18 -47 -10 -50 49 -40 -44 -24 -45 41 -40 47 44 5 -19 -26 -47 -38 49 15 
40
4 5 -29 -45 10 7 -38 -26 -9 -24 3 -34 -14 -5 21 -40 32 -45 -16 49 36 -16 13 38 20 -39 -32 20 8 -40 5 -38 -45 -2 -35 14 44 -35 -11 -28 
61
-5 23 20 26 37 32 15 -27 -44 37 41 -2 10 14 -46 -4 -3 28 -23 -35 39 -30 24 -29 -19 39 45 11 -34 22 -8 -10 14 37 -38 21 -4 6 -27 -42 -21 39 -50 -7 -8 37 -12 -20 -19 4 41 -23 48 -44 25 -49 11 47 21 -8 -38 
41
2 -18 -50 28 6 13 45 -19 -20 -21 -47 -10 -5 45 -15 -14 -17 -46 -14 6 0 -19 6 26 6 4 -41 3 46 22 38 34 -7 40 -38 -27 -22 28 -14 -24 2 
13
21 -42 5 3 -34 13 40 46 -9 48 -27 33 -34 
76
-41 9 37 25 -1 -38 37 -47 42 25 -14 17 -4 -10 18 -41 -8 40 36 7 8 7 10 -14 48 -47 24 9 22 -16 35 42 -36 -9 6 27 -6 -37 -4 22 -23 8 6 -28 -43 8 -6 -50 -46 -41 -39 -30 -32 -48 -47 26 -24 -49 -43 28 5 7 -47 -44 17 -22 1 -9 13 2 49 -35 -50 34 -49 46 
8
-14 -28 13 47 -1 40 -27 -47 
78
-41 -5 -13 19 7 19 -45 -3 -48 -42 5 -27 38 -4 -23 -26 -41 -41 -39 19 -44 16 -5 15 -37 32 17 20 -39 49 2 7 21 10 24 -22 34 21 8 11 -3 20 -34 -48 -22 -14 -26 -28 47 -10 33 -14 9 20 40 11 44 3 26 16 -11 -41 -44 -39 -42 35 -14 23 12 6 -32 -39 -25 -34 -10 37 23 5 
83
-24 31 -1 -24 -29 35 0 0 16 17 42 27 -38 -33 -7 27 16 18 19 -42 -9 -9 -50 -26 14 39 32 22 -19 -8 -35 46 21 22 7 16 44 9 -42 15 -41 17 9 -8 0 19 -19 27 -47 46 20 -20 26 34 21 -29 30 0 6 25 -45 -22 6 13 4 -36 16 -30 -14 15 4 33 -37 1 -16 -24 19 10 45 8 47 45 20 
96
43 13 -9 40 -6 -34 25 -47 -39 -45 36 5 44 -10 -20 5 -48 -50 -32 1 -26 27 28 -43 -22 19 -21 -11 27 15 10 26 -34 49 -4 30 46 -27 -29 40 15 38 -5 26 -18 -37 -34 43 35 21 24 -28 -40 42 47 33 10 2 2 28 17 -15 -35 -43 28 -31 5 -36 17 18 -19 11 38 23 -44 16 -15 43 -43 -42 38 -20 -29 -33 -18 -42 3 21 -42 27 -30 -49 -40 -26 11 23 
53
-14 16 29 -36 -40 36 42 -42 19 -11 22 46 14 -13 43 -29 -8 9 44 -8 16 34 -11 3 7 -29 -13 -7 34 23 26 32 14 -2 -48 -1 -17 34 -3 10 41 31 -43 -23 -39 -29 14 -18 31 -30 -37 29 47 
50
-40 0 -35 -44 3 43 45 21 -41 -26 -13 16 -38 24 40 -43 -8 -29 -47 19 -27 -15 23 37 -29 -4 -48 -14 -42 -6 47 -3 -20 14 -30 47 -31 -41 12 45 29 -14 -19 32 -41 2 2 -32 -38 24 
84
19 -42 31 5 33 34 -23 -16 21 27 42 9 -43 -25 -19 37 27 -45 17 -30 47 -30 5 -18 12 11 -17 -23 11 -4 -6 -39 33 36 2 -26 -13 -26 -36 -27 -29 -24 -14 15 -23 30 -20 22 45 6 48 16 -1 28 7 24 14 26 44 29 -19 6 44 -28 -40 -1 -25 22 43 20 2 38 -4 43 29 48 -23 45 28 29 -17 -2 8 41 
69
8 7 -17 4 43 48 19 -12 -16 47 -26 31 10 -15 5 -39 -15 -21 -21 24 -28 36 45 -43 -24 -16 7 22 -17 42 -3 37 34 -6 45 -27 7 20 -30 23 14 -49 -46 12 6 -43 40 -19 -34 -47 41 15 45 -45 -20 -31 -1 -19 15 10 9 -10 32 -25 46 -33 -20 45 2 
59
31 -38 -37 39 -24 -38 -13 38 -30 -4 18 27 -21 -6 45 -3 48 -23 -27 -6 -42 -8 31 11 -13 -5 8 -5 -37 -21 12 46 -19 -39 21 39 -47 13 -7 6 4 12 -20 -25 26 -49 -45 27 42 29 -17 36 -50 -22 42 -10 33 14 35 
77
-13 1 -11 0 -8 -8 -6 21 35 -43 -32 18 40 -50 -25 -22 -40 44 0 4 48 21 -39 -6 -15 14 2 3 2 -42 28 10 15 30 -40 22 0 12 43 -42 -7 22 23 32 8 15 16 27 -29 -41 -28 41 17 1 -37 34 3 -26 43 48 -13 -23 43 41 -37 22 -49 -48 34 -13 -17 -31 -32 32 -24 -40 0 
13
35 18 -37 -14 -33 9 -10 -2 -39 21 18 0 -3 
4
-25 -39 -44 -13 
71
-34 -40 -7 -15 6 48 40 18 11 9 1 -34 -10 -16 -43 46 43 48 5 41 18 -50 1 -4 -34 -33 25 -18 24 27 -44 20 12 -48 2 37 38 -8 35 42 -17 -22 -48 20 -47 -2 -14 -22 -16 20 49 1 22 11 -42 -28 -22 -37 8 21 -11 3 -5 45 45 -1 26 39 29 -12 27 
4
-28 45 -7 5 
101
39 25 -38 -40 -12 16 -2 -45 -24 15 -33 -25 -9 28 -37 31 -47 -7 19 17 40 6 -2 17 -4 -40 41 -37 1 -1 22 -4 -19 -1 -21 19 -43 -26 -11 3 33 5 8 -7 0 38 8 -24 -3 13 12 45 -15 -31 18 -20 -36 -47 40 10 -23 34 38 25 -11 44 20 45 -26 16 25 8 22 -32 -29 36 5 -19 -47 27 43 -8 -30 -25 -20 36 32 -16 -44 -1 -2 35 10 -13 9 16 14 -37 -11 -14 -14 
74
-18 25 -33 -17 41 4 -40 -42 -16 8 -49 41 -11 -43 -26 19 -37 -25 -41 -3 5 -16 -32 6 -40 -3 26 40 -34 -46 44 -1 36 -43 15 -30 12 1 19 28 24 -45 33 45 35 -31 18 17 35 47 46 24 -37 -21 -5 -10 1 16 47 29 -20 -35 1 44 -44 -42 -1 -10 30 -9 -24 4 -18 20 
76
-4 -6 -43 -30 -9 29 47 9 -9 -45 34 -2 36 15 -35 23 -41 34 27 -19 45 38 31 -29 -21 -21 -26 -44 26 36 7 9 -7 -43 32 -11 -44 -12 -1 -40 -45 6 31 27 27 3 20 -20 -31 45 -48 12 -23 4 24 35 12 26 14 -38 -43 -47 -36 28 -24 -35 -31 -34 17 20 -21 31 -20 -49 49 28 
24
-33 -27 3 -35 39 16 22 44 44 41 18 6 43 -24 -7 18 -3 28 41 27 33 14 -30 -27 
41
11 5 1 -26 36 -42 -29 -34 0 -41 -33 -45 28 46 -29 -31 -6 -2 -16 -46 -14 -12 -48 -7 9 -9 31 21 6 33 45 -8 3 -8 -38 -32 4 5 11 -8 -10 
26
0 -22 -6 -14 42 24 15 5 11 -8 -27 21 -4 -36 8 48 19 -30 -15 -6 -24 -48 11 -22 49 36 
80
28 40 -38 13 -14 -4 2 -44 48 -36 11 20 -8 -9 32 -34 2 5 -45 6 26 -7 -37 -9 27 39 -14 -29 -24 19 30 -45 -43 -5 -45 -41 -40 -6 -34 -16 -27 34 -36 1 -5 35 -38 -13 -21 0 44 -39 -34 29 -36 -40 10 -10 40 -28 49 -29 42 -10 -10 40 11 30 8 -25 -10 16 -24 39 -25 7 5 32 19 -2 
90
-15 -31 23 -40 44 45 32 -12 48 -43 48 -49 -21 13 42 -4 -10 -1 -20 34 -42 34 22 -29 28 -1 28 0 -27 -22 -46 30 23 -2 46 -17 30 -41 -25 13 -14 2 -16 16 23 26 -49 15 -42 -18 -25 25 40 43 4 8 1 -16 41 10 27 -5 -22 -22 38 -47 44 37 18 -31 -42 -27 3 9 17 -31 -44 9 -11 -13 -24 20 1 -45 20 1 -3 12 -47 -22 
91
-48 33 -25 -8 11 7 -4 40 36 12 -17 47 -12 -12 1 25 -14 42 -29 29 23 -33 -2 21 18 43 -30 1 39 1 18 -39 -38 -24 -8 -17 -43 34 6 -26 -15 -38 -46 -25 -47 -48 -2 10 -37 16 -5 37 -27 47 -37 -49 -5 -7 -40 48 -15 -48 -29 30 -36 43 41 39 16 -21 -36 -31 -24 -14 13 -25 29 -32 17 -50 -48 19 46 -14 19 -47 -41 23 -46 25 26 
54
46 6 33 20 -35 31 -45 -24 -9 -44 -23 -37 17 44 -32 -23 -48 28 -36 11 -48 -30 30 -23 -50 49 -10 13 46 4 -3 -5 -11 -47 28 -18 -2 44 48 46 19 44 45 43 39 5 -24 11 -46 -17 14 4 -12 -42 
85
40 -11 -46 21 -15 13 1 -16 -45 -13 39 9 -13 -25 -7 -21 -35 13 5 -36 45 -40 44 0 39 42 9 -4 21 36 -18 -14 13 -34 45 47 -17 -19 -3 -25 10 12 0 20 21 -32 -37 -15 49 15 -5 -5 -10 14 -22 -16 23 -42 8 40 -26 24 15 -34 -9 7 -43 21 -1 -37 11 2 -12 40 33 -29 -49 -35 13 12 47 5 -4 -47 8 
78
31 -15 -46 -20 -3 33 -45 0 1 -8 38 -18 15 -38 9 -9 36 42 49 -13 -46 -4 -39 -26 -24 22 37 -27 9 -45 -16 36 -2 -34 -40 -43 -37 -40 4 -1 -5 -4 17 -43 35 46 37 -15 7 -14 -50 0 -26 -38 -17 22 -41 -49 32 37 -3 7 -50 -25 -48 39 -35 -27 -28 32 13 11 -11 -45 -42 8 -44 45 
76
16 -35 -2 49 1 -43 26 -3 -42 43 13 -23 23 9 -17 -45 24 36 28 25 48 -12 21 18 42 21 24 20 45 -26 -36 -12 -23 26 -41 36 44 -3 42 35 -50 15 6 14 -43 24 -21 -7 20 39 34 -4 41 -36 -5 43 -47 28 35 -37 -21 11 -38 39 -20 45 24 -35 22 39 -8 10 -46 40 -34 -11 
56
-28 -47 -22 49 -47 36 -34 14 -24 -49 24 -41 -3 32 -21 25 12 -37 -41 -43 -45 -39 26 30 22 -12 -20 -26 18 -25 -28 -37 45 -37 36 -12 -23 -9 23 -39 23 -20 14 -6 14 -28 -39 -32 12 -12 -14 -8 23 -49 -31 34 
60
33 -10 -27 -40 31 9 8 -44 25 13 -4 19 -34 19 -17 -2 34 47 12 11 22 -37 32 36 16 -30 -43 -38 17 16 36 17 -41 -31 -4 -17 6 35 41 9 -19 -1 23 -4 41 6 -49 -20 26 40 18 -7 -5 -26 8 3 -13 13 7 -8 
79
-50 41 26 -38 -45 -21 46 -18 -10 43 35 37 4 3 28 -24 -32 39 10 -1 -6 8 -28 -23 -50 -10 19 5 -38 -45 4 -3 -45 -43 3 -1 -26 6 46 25 -23 -42 -49 28 -49 -11 46 40 -46 21 15 21 23 -38 31 -26 12 -24 48 35 17 33 30 -48 -21 -4 -29 -15 -36 -47 -9 -26 34 2 -32 15 44 -11 19 
100
46 -22 -48 -7 25 44 -1 -34 42 35 47 5 -42 -11 47 -4 -30 -30 47 0 15 44 -8 -18 28 -6 -13 -11 -25 -37 27 -44 26 26 29 6 11 -27 7 7 -6 3 28 -35 -19 27 35 -25 -24 -2 2 -16 -2 -42 37 44 -5 -8 31 34 44 22 -15 -27 -28 17 -19 48 13 -10 32 3 18 -12 26 33 30 -30 13 -17 9 33 1 6 -4 28 -13 4 -1 -14 17 -37 7 3 -47 10 30 39 0 -32 
90
-13 -15 34 -36 34 2 -48 33 -37 14 -9 13 -33 -37 29 15 -26 -22 46 9 5 49 -50 -36 -41 -36 -37 -21 -49 3 -23 48 -24 -41 -10 47 20 -25 26 34 34 -27 -17 0 -8 1 -22 38 0 17 -29 19 -19 -42 -35 -1 -41 -42 -31 26 -17 -38 47 -14 -11 46 -23 -22 -37 18 -8 -11 -1 -1 -48 46 40 -49 -28 -35 -3 -11 -14 -6 49 -3 -28 12 -34 -18 
31
49 -3 9 -22 8 -23 -15 -22 39 -49 -1 41 -26 -6 12 -31 -40 -26 -32 -9 12 -21 17 -21 31 47 -23 30 20 -9 25 
5
23 29 -38 31 -46 
98
20 -50 9 -28 -27 30 14 -26 35 -13 -20 -1 5 11 -25 -24 -2 -49 -44 49 -33 -9 -15 -35 46 31 20 -15 36 -3 48 -14 1 0 -36 -14 20 -23 43 49 0 32 16 -12 -31 37 -29 -27 4 9 -38 0 -42 -29 21 41 18 30 -20 36 33 -39 -5 42 -47 -24 48 -12 46 28 19 13 48 46 -30 -18 -11 -32 -42 6 46 45 -22 48 -33 15 -10 -9 -20 -19 7 29 -22 33 13 -23 43 6 
21
11 8 -9 44 15 -9 12 48 28 -44 29 17 34 13 24 -41 40 34 -10 -30 39 
6
-11 5 9 -46 23 39 
97
-23 31 35 23 -3 0 -28 -10 -16 27 20 -27 47 42 8 35 28 25 -4 2 22 0 -45 -35 -7 -27 10 -40 -31 -33 -42 12 35 -2 -13 32 18 -15 1 -8 -12 -2 20 4 -34 -43 40 3 28 36 47 -48 -13 -30 19 -4 31 29 -41 -30 25 -40 36 39 38 40 -5 10 -26 6 -15 -5 39 -23 -49 42 4 -14 -29 -9 -48 26 -1 -13 43 -46 -43 22 40 33 -50 -6 -28 -7 -9 -34 -18 
11
-36 -31 -45 13 -13 -40 12 -3 13 11 -19 
19
43 35 17 42 40 -33 -13 -25 4 9 -1 38 16 26 26 -43 -47 25 34 
29
-1 24 41 24 23 35 23 -3 -30 7 6 34 10 -9 -22 -28 -46 28 18 38 -46 -18 29 -25 -42 28 -12 29 -28 
84
39 -10 34 -8 37 46 -44 20 -3 -35 -46 25 -25 -49 46 34 32 20 29 37 -50 21 10 -48 -43 -48 -30 33 21 -13 6 22 12 4 38 -39 -25 -16 0 35 -34 33 -3 3 -21 -28 -30 -39 15 -1 49 0 -9 23 -8 49 -48 -10 18 9 10 -29 -27 -16 -22 -27 12 23 6 -31 -18 -13 33 10 -41 7 31 -17 -46 -12 -26 -32 -38 27 
26
9 4 -45 22 -44 29 -37 -5 -25 -4 -38 0 -39 -45 -31 7 -3 47 2 11 -49 36 14 35 -1 13 
3
-43 -4 -16 
47
-45 -30 30 -25 -50 -42 -2 37 43 -3 -13 -16 -13 10 -38 -35 14 20 21 26 -13 -11 -12 -32 -14 -39 -15 38 26 -3 31 20 45 22 7 -3 25 -15 -49 41 11 -8 38 -2 -17 -26 3 
61
49 -9 45 -9 22 34 43 13 0 36 -15 -43 47 33 47 -47 48 49 13 -35 46 -29 15 24 -22 9 -11 39 7 -16 -31 6 31 -47 11 19 16 8 -42 32 22 24 45 3 -8 40 -19 16 -38 -8 17 39 -50 27 14 38 49 -41 32 -3 19 
37
24 -40 -2 46 -40 -19 -24 11 23 14 -48 49 -18 25 10 1 -25 -33 1 -46 -1 -30 48 42 -28 -29 20 -50 3 10 25 -36 -4 -18 47 -29 10 
52
18 -10 -36 -21 13 0 22 23 20 8 -25 -33 41 -33 -44 -9 -7 -50 9 -22 10 -50 26 -25 -6 -47 -23 -14 -35 23 2 -11 -32 33 -1 -45 18 24 14 -15 -45 1 -13 12 -17 -8 -2 26 12 30 49 -12 
11
20 38 39 13 -36 -9 18 -4 -6 -11 48 
3
8 18 2 
27
-34 18 -13 15 -4 21 37 -50 16 23 -17 6 7 12 33 -27 -13 -11 36 36 -14 -34 31 46 -31 6 -39 
94
-37 39 -12 42 -4 -21 -48 11 22 -48 12 23 -45 6 22 15 47 -50 -23 37 -1 16 -48 27 -46 22 13 5 27 4 -1 -49 -13 -16 12 10 48 -13 -3 -40 19 -17 11 -26 -14 38 -10 -46 32 15 -8 2 41 4 28 -9 45 16 24 -11 -24 17 20 -38 -16 -32 47 -15 -50 19 22 -15 37 -12 43 -38 16 -3 24 -20 -46 -8 18 -27 -48 15 24 -28 49 2 -9 7 -11 28 
18
-32 32 43 1 4 -44 0 -21 -13 6 -30 -12 44 -23 -30 44 20 48 
47
30 -19 -32 35 -12 -43 36 33 -20 22 -7 1 -30 5 -7 -11 18 -42 -48 -31 8 6 33 33 -38 -41 33 -35 22 47 -38 -27 41 12 -10 -42 -16 -29 18 30 -11 24 16 -17 15 -24 2 
42
45 28 -50 45 37 -15 3 45 -47 44 -27 -30 -46 36 20 43 35 -26 -23 -34 31 -19 -15 -25 -9 -42 -22 4 -29 -35 40 -42 36 -47 -44 34 9 12 47 6 12 23 
100
21 -48 40 -37 15 -4 4 13 -14 38 28 43 -46 25 -6 -4 43 29 26 1 5 9 30 -28 -9 -43 -16 -27 -16 36 43 39 6 15 -49 37 35 -20 -38 19 30 -39 27 4 49 5 -40 13 -8 -36 -12 -44 11 21 14 29 48 1 -31 1 43 17 -24 -15 25 -36 -32 37 -18 -22 -5 1 -42 -20 -33 26 -26 41 40 34 -4 -27 22 -46 -48 32 -50 -16 25 13 6 -4 15 23 -45 -10 -38 39 31 0 
15
-13 44 2 -22 27 -24 47 12 -50 41 26 13 -28 38 -11 
57
-27 38 -44 22 -16 48 33 -3 -47 -36 18 -15 32 22 44 24 -29 4 19 -18 -15 25 -18 7 -11 -5 49 48 28 -16 0 44 10 5 -39 19 -40 -50 0 -49 13 14 -6 43 -14 -42 -4 -28 -2 32 14 42 -4 -10 -40 3 -25 
47
27 -39 35 21 -29 -22 13 -1 39 16 -29 -23 -2 39 -23 42 5 -2 -29 -26 29 11 -28 40 -22 14 -18 25 48 48 -29 -15 -23 -11 -37 49 -37 12 -13 30 -5 -7 -30 1 34 -49 22 
92
-1 31 37 -1 26 17 0 -5 -4 38 20 -49 -34 14 -29 36 -22 -46 -23 -29 -49 -16 8 -40 28 -22 -7 33 32 -15 -36 -46 21 -29 21 48 -49 26 -40 -43 -22 -2 9 -29 38 13 -23 45 6 -42 -43 36 -49 0 -12 45 -1 -17 -37 -6 -7 -5 19 -37 -26 -4 -17 3 -24 10 34 11 34 -1 -33 23 41 17 -45 27 -6 -13 39 -37 -40 -37 10 30 26 -31 -6 -25 
12
39 6 -7 -10 32 34 21 22 38 3 -3 0 
43
-4 19 22 2 10 -5 -27 43 10 49 -15 -28 -8 18 -37 -22 -20 12 -11 8 -50 1 -2 -10 -28 1 -16 -24 -45 14 -30 7 21 -16 -22 4 -15 48 -33 -23 12 -7 46 
85
-44 -30 -14 -32 6 47 17 -11 11 -2 -47 25 -21 15 -29 -7 13 -17 6 0 -50 10 47 -4 -42 -25 -3 -47 -29 8 39 -23 -41 -30 -35 13 8 26 -13 36 -15 -47 -29 47 -4 -23 1 -11 2 -16 -8 32 -17 0 -48 48 43 -40 9 18 36 -26 41 36 29 25 38 -29 42 5 -9 36 -28 -39 33 43 11 -28 40 -3 -45 20 10 -15 0 
15
18 -38 25 6 -18 6 39 -18 -29 42 -3 -32 33 44 -49 
69
-35 41 40 39 -23 -47 -32 -37 -4 11 2 -49 38 -46 36 -50 -45 -28 24 9 -15 28 35 -35 -6 -41 33 -46 4 -10 32 30 -46 35 28 26 -26 29 30 16 23 -3 11 -2 12 19 -16 18 13 -20 32 -41 16 12 30 26 -47 15 -29 -36 -27 8 33 -45 -47 -34 13 -45 17 
27
-17 7 -45 -50 -44 33 -2 39 16 -34 -5 16 9 -7 -30 2 -50 46 36 6 -48 1 19 -14 -10 44 -5 
71
7 -50 -36 43 -7 -47 -32 29 11 -9 -10 -40 -36 31 38 -18 -50 -14 36 -41 8 -24 43 24 20 -6 15 -8 -41 -9 31 40 -10 22 -30 33 17 10 48 -36 -10 -7 43 5 8 -39 32 5 -44 -8 28 -11 4 45 -17 -34 22 -5 32 -26 48 -6 -15 10 -18 -24 47 30 -33 9 -3 
30
39 -46 42 -50 -17 7 41 17 31 -41 -40 -15 -10 -16 -21 -14 8 -21 34 -36 -16 25 -39 -27 2 -29 4 -4 34 -13 
78
-5 -25 -21 -3 -49 11 -3 7 45 15 -36 -28 19 37 6 -1 9 28 -21 13 46 16 -31 -24 42 11 28 12 -20 4 23 24 -25 21 -4 -17 48 -34 0 -12 -49 16 35 -6 48 6 23 20 -40 -25 -14 -10 48 44 -23 -43 -41 33 -46 36 47 11 -30 26 38 3 24 -35 -38 -23 24 47 -6 13 -41 -40 -26 41 
10
33 -7 -27 13 -20 -18 -8 46 8 -30 
88
-18 34 7 -24 -12 44 -28 43 -29 9 27 23 17 -35 -33 -45 49 26 19 -26 44 38 -38 18 -33 -40 13 32 -20 14 45 -16 36 -36 22 43 -24 34 33 10 6 -30 0 6 38 -40 -8 -38 40 -26 17 -43 48 16 -46 41 41 0 47 23 -46 -30 -6 16 -37 6 2 3 10 33 5 -32 -47 -32 46 12 47 -30 -6 22 -43 -46 -46 -6 -17 -10 20 -20 
43
2 -23 -18 -47 -20 24 37 -33 -30 -27 6 3 -48 -28 -11 -41 16 -49 -50 17 39 -39 27 -17 42 -3 8 -32 -36 14 -31 -8 -6 16 -27 -32 -36 -29 -8 45 -2 10 -14 
99
-49 -45 -24 -35 -43 13 44 28 -10 -19 36 27 4 -6 44 28 -17 -17 -47 44 -38 -18 -48 -4 -17 39 27 49 -11 -31 -36 1 -1 -32 11 -2 -41 14 10 -37 -9 43 -49 21 -26 -24 34 31 -26 11 8 9 -8 -47 23 13 -20 -1 22 23 -28 -10 -20 6 11 24 -32 47 23 -48 12 14 22 29 -30 -16 11 25 26 16 -27 46 -19 -4 32 -20 46 -38 -28 -47 -33 -3 -30 -8 -6 -30 12 8 32 
40
40 5 -31 -49 8 -39 -2 -4 -32 36 -40 32 -4 0 26 -16 -16 2 0 31 22 1 48 2 -33 17 -47 12 40 -1 -45 -44 -2 3 22 -20 -48 -47 -25 -37 
80
-11 -45 34 -32 21 -7 -2 -14 -27 -14 17 -26 -23 26 -20 43 49 -10 -44 9 -28 24 -24 14 -43 -37 49 34 -45 12 42 -33 -24 24 -17 -40 -47 -25 -3 1 28 20 -48 44 -22 29 -25 7 22 -6 -29 14 9 -31 31 -38 27 4 47 46 -50 -9 20 25 41 -37 -18 -43 -28 32 -13 -46 -49 10 -21 1 4 21 -19 -6 
73
-33 -39 -40 17 -20 -6 17 21 9 2 -7 -50 -42 3 35 -23 -12 44 49 -9 -9 40 -36 -26 -21 -17 20 -49 6 -49 -31 -22 -31 9 30 39 -42 28 12 31 -35 -47 23 2 -30 -9 -44 22 -33 -15 46 48 -10 14 11 49 41 -49 -46 -20 19 32 22 -23 14 0 -16 -15 -29 22 41 29 42 
92
-38 -48 47 -27 48 33 -45 -4 -4 -48 27 -42 39 4 -42 16 1 21 -31 -11 7 15 0 -35 -37 26 -45 -13 -5 39 -2 -48 48 -25 -16 -35 -8 19 30 41 -7 -24 11 46 17 -13 -17 -50 7 0 -32 17 8 -30 -20 5 49 -30 -15 -8 -42 -3 -22 45 32 -49 -25 2 3 -38 18 -3 -21 -42 18 -22 12 -38 20 -4 -40 -25 28 -2 -1 40 -10 31 9 -47 38 -35 
95
-40 45 -13 7 -48 -46 13 -47 4 -32 8 38 4 -8 -26 17 38 24 42 26 40 -31 36 -14 -33 -42 -40 44 -21 -37 21 -43 26 -15 -19 11 -46 -46 49 -21 27 15 29 32 49 48 45 -50 -23 -23 -18 -49 49 42 0 1 -19 -40 48 -24 -47 42 -31 -31 16 0 -25 30 30 -17 -45 -24 -31 -19 -47 -29 -40 40 -5 33 -12 5 -19 -10 28 5 42 38 -11 27 -38 -32 41 27 -28 
61
31 15 26 -40 -14 -19 -38 36 -23 -28 -48 -29 43 -46 17 -26 -4 -39 -50 -20 -36 -48 -27 -13 -18 -23 7 28 44 12 -45 3 -15 6 26 -28 -9 -41 -37 -20 -50 17 -35 -2 -39 15 31 11 7 13 35 -36 -23 44 -2 31 34 48 -38 9 -5 
71
-7 39 12 -31 -22 -14 18 -34 38 -45 6 -4 44 26 46 18 8 -18 -21 -15 -8 -34 -13 -20 8 -17 36 29 48 42 -8 45 27 -5 -10 -12 26 30 1 -13 -42 -31 -28 9 -22 42 -34 29 49 -21 -17 -48 -14 -9 46 -34 -44 14 24 31 24 35 0 -42 17 49 -15 30 -48 -19 10 
59
20 -5 -36 44 -33 -21 49 46 9 -40 6 11 -47 49 38 -28 -19 28 -14 -48 27 -23 -16 26 46 -28 8 20 -18 -10 43 -47 43 31 42 40 14 11 23 43 -31 11 -14 -22 4 34 47 7 16 -46 -42 -26 33 -33 3 21 23 -3 -49 
86
44 21 -34 -16 40 3 -18 -9 0 29 -48 -10 32 11 6 -11 -9 -50 21 -49 17 14 -8 -34 -11 13 -16 -50 15 -49 -6 32 47 -49 14 -37 -26 35 12 -25 8 -38 -4 31 27 1 -30 -36 40 44 8 -16 -37 30 -44 -16 -49 -28 -43 26 11 22 25 30 34 -2 46 23 42 42 41 24 3 -44 48 16 38 -48 -42 47 48 40 21 -42 -9 -50 
50
40 21 43 13 -34 -42 -5 -44 -37 -5 -35 28 -32 -45 36 -9 -40 49 34 -34 24 8 -40 38 -3 -6 -22 6 28 28 -19 -13 -6 32 -30 8 -17 -39 -20 -25 21 -13 -11 -45 38 22 -11 -29 22 -11 
12
39 10 -30 17 -10 31 20 7 8 19 27 -41 
17
-39 -1 -23 2 4 15 -17 -14 10 -20 -4 -13 9 7 -30 2 -35 
23
-17 -40 -37 15 12 -22 49 18 -14 4 -9 -5 -16 34 -22 -28 -3 15 48 5 8 -19 -9 
2
-15 16 
44
29 6 -46 -30 -47 -10 47 -25 -44 -8 -17 7 -19 -13 -32 8 1 49 36 -35 -21 -23 3 46 -25 -50 -40 43 -23 -35 -30 5 1 -11 -19 -31 -4 17 26 42 32 1 -5 -23 
65
-37 -22 6 33 41 33 -34 -47 -26 18 -41 -8 -3 12 -28 19 26 5 30 -10 -28 -47 14 7 -23 12 -37 -28 44 -5 -14 -43 5 5 -16 6 44 35 -27 -30 -45 16 23 13 5 35 -40 39 -29 -23 -8 -43 34 20 40 27 -7 -40 39 -5 -12 8 -17 -2 21 
8
-12 -44 34 36 -31 -23 0 45 
58
-47 19 -18 16 -25 41 11 14 -15 15 17 -27 11 1 20 -25 46 -6 8 33 -41 -36 -31 -44 49 -48 43 19 -37 -31 26 -17 17 14 -14 -32 -28 30 25 -6 15 -12 -9 -9 17 49 43 13 25 16 21 -43 -27 -8 -17 37 -34 -2 
63
48 -9 -37 5 -4 -32 -38 -39 -40 -19 37 40 -42 43 16 8 -9 -23 -38 -23 -3 23 -28 17 -6 -20 -16 -34 15 22 -2 -50 25 30 -35 0 23 27 -8 37 -40 30 10 -23 11 -40 23 -17 -43 -31 11 -30 9 -11 -23 -46 39 -9 21 -14 5 47 46 
63
-19 27 -1 -11 17 38 -1 29 19 -15 6 18 -43 11 -35 -24 24 2 9 -30 31 30 -32 35 -33 26 37 -21 0 1 -43 34 -5 31 -30 22 26 -32 35 -35 -22 -12 28 -19 -32 -1 -41 35 18 2 -49 -11 -47 7 48 11 47 -50 -29 45 25 -3 12 
55
-2 1 -7 -27 9 41 -16 20 -39 -49 24 17 -45 17 -20 -48 13 29 -27 39 -3 -24 13 -12 31 -5 11 -20 6 11 17 22 11 39 -4 -8 -44 43 -9 -44 48 31 19 37 0 -16 33 3 6 -45 -41 -4 -45 48 -44 
33
23 4 -46 -15 11 2 -21 8 -26 -18 16 18 29 11 -41 16 -29 -9 15 -41 -15 41 -48 49 -19 -46 2 5 -39 23 28 -42 -18 
78
11 -46 -26 26 23 -9 -21 44 36 -6 -7 12 -43 24 -19 -31 31 -38 -5 19 31 28 5 13 41 4 -23 -38 -23 -33 -46 -48 3 -48 -35 -39 -21 -44 5 49 -16 30 16 -4 -20 -48 16 38 24 22 22 11 -38 -3 36 22 -40 -30 -23 -19 -21 -28 -31 47 -8 -28 -6 41 -2 -32 -14 -43 0 -35 1 11 48 24 
54
-48 32 -49 -43 29 -8 -3 -20 14 -44 44 -37 -13 -29 22 -20 -17 -8 40 -29 -10 -4 37 4 2 -31 -29 -42 26 -19 -23 48 3 -26 25 -2 -24 37 46 34 -40 32 -40 12 45 -48 43 -45 35 -41 -50 -24 -7 -18 
80
0 -37 18 -48 -3 1 -40 -3 -15 -9 -25 -12 -25 -19 1 -50 46 9 8 -40 3 -26 14 16 -47 -41 23 -40 27 -43 -5 18 -2 -42 -44 48 31 -49 -44 -11 -1 18 -26 12 -43 -37 -11 -41 -16 48 -19 -21 -14 23 14 33 -48 49 30 -40 11 11 -33 -34 41 7 33 -8 44 -15 -27 -30 -8 3 -9 37 16 31 -5 43 
55
-30 -10 -16 11 28 -33 -29 14 2 -28 41 -49 -21 -41 15 -37 48 48 -46 -44 -34 -24 6 22 32 -50 -28 -4 -48 14 16 -23 46 -13 13 -33 -20 -14 20 24 -3 47 -45 40 36 -6 -9 14 14 6 -33 -9 -13 20 15 
50
-2 -4 -17 4 -17 -37 48 32 17 5 -3 46 -37 -27 -10 18 12 37 25 42 -45 -12 1 -37 -12 29 32 40 23 -39 27 -49 4 12 43 26 40 24 -50 17 -33 19 -32 -24 -45 -2 -33 -48 39 -3 
89
-11 27 -47 -35 -30 -13 -20 -21 0 -21 48 24 -4 -6 -6 -11 44 26 -28 22 32 19 13 26 -47 -47 24 -7 -31 7 -36 42 16 37 30 23 43 10 3 6 -29 -49 -12 -32 36 18 -49 19 11 38 -20 8 -36 5 -13 -1 12 12 40 -13 -34 20 16 -8 -35 25 -14 -37 45 -45 -49 43 21 -46 -15 -27 28 -34 34 3 19 -5 -21 4 -13 31 -14 -49 -10 
65
-3 -47 24 21 48 35 42 -10 -14 -47 -38 -2 23 20 -10 -36 8 -2 13 -30 7 -29 -5 42 29 -14 -9 6 -39 -22 -5 27 43 -26 12 30 -39 24 28 -12 -15 45 28 -44 -37 -37 -15 -18 48 19 20 -33 15 -43 36 46 18 -18 -7 -47 -19 4 35 48 19 
72
-15 -27 37 1 2 32 -29 7 0 -15 -9 -34 19 -4 29 -4 32 -28 -23 24 43 0 31 0 -11 -2 20 26 -6 28 27 -26 -46 47 35 -17 18 26 -44 -45 -46 48 8 -12 -28 22 -1 37 15 39 -11 36 -50 -48 11 -3 -33 41 36 -2 -17 -23 -34 -32 -22 -37 -41 -17 -38 29 -15 22 
69
18 26 -47 -36 -6 39 -2 27 25 31 -15 -35 -27 -1 47 -2 -41 -3 13 -40 -8 -7 -17 38 -1 26 -25 -40 -38 -7 -46 -25 38 -33 -15 15 11 20 -49 6 0 -44 35 30 -37 -39 -29 -25 32 45 28 43 -1 -2 49 38 43 -5 40 6 33 44 48 26 -3 -3 40 16 23 
31
-48 49 40 31 -22 -8 7 27 -26 43 -49 38 -3 -39 -22 -40 -21 30 24 38 19 -3 40 -33 17 -5 19 31 6 -39 7 
95
-30 35 -7 1 38 -2 -47 21 42 -1 45 12 42 9 37 -9 33 22 14 8 19 0 42 -19 -45 -46 39 -43 35 -20 30 36 -9 -34 -19 -47 7 1 0 -39 13 -38 -15 -23 -18 -15 -33 28 -8 -27 20 -4 15 -47 -15 -30 -28 -34 29 12 -17 -26 16 10 -16 28 3 23 9 -43 9 29 2 -29 16 27 -32 -9 -44 38 10 0 27 10 -19 -6 42 11 -5 13 6 43 -34 -22 15 
34
34 -37 29 -13 32 -11 -4 -36 44 49 -11 30 -46 32 49 49 -36 -32 -6 -33 20 36 -28 11 -4 -7 -6 39 -31 34 28 -9 3 28 
56
38 -35 27 36 -29 21 -27 -35 32 -45 16 46 18 47 -38 18 -2 36 23 -36 34 34 -37 -48 38 -26 -48 -10 41 -23 6 47 43 26 -31 25 -19 32 -25 44 -41 -13 -45 -30 -8 30 -43 38 -25 33 -29 25 13 47 -5 -47 
6
31 10 -49 -3 -50 -4 
2
-18 36 
100
20 18 -43 -29 -35 14 -2 29 6 -13 0 -20 35 -50 -21 -33 -8 34 26 17 8 15 18 -10 -45 17 4 -19 -17 -20 12 36 33 39 24 33 9 14 -32 -11 -43 -24 31 42 -3 -44 42 1 20 -16 -29 8 -34 -13 -15 44 39 24 34 -30 16 -28 -27 -27 -33 -10 13 -20 -1 49 -23 -12 -12 -42 6 8 -17 32 22 -37 -6 -24 38 1 -45 -12 -26 30 -41 -33 -16 -44 33 6 -2 3 -17 18 -48 -7 
48
-7 -31 18 -14 -35 -3 -34 30 -1 -17 -18 -50 16 27 -15 6 14 -1 38 -34 -44 46 -20 -45 -25 5 5 -36 24 -19 0 -29 -6 -12 39 -4 -10 -48 20 45 -13 -43 -42 19 -25 22 30 -40 
83
35 -2 -35 30 -36 45 45 14 41 -36 19 -22 28 17 1 -21 -21 47 -46 15 7 -7 13 42 8 -10 22 49 -8 28 -36 -39 -42 40 -45 22 -6 1 -27 7 -50 32 16 7 34 -20 -31 20 -20 41 -17 -9 42 35 -11 48 -35 -48 2 -1 15 29 39 -5 7 -35 -11 -5 44 -14 48 -22 -21 33 -26 -33 -15 -24 -32 1 1 -41 36 
11
-11 -28 38 40 22 18 28 -24 24 27 12 
94
-40 44 -21 -31 2 -42 24 -32 38 27 9 -25 -42 -17 -38 -49 -20 39 -16 -43 28 25 0 26 5 -3 -41 29 0 43 -44 17 20 -13 28 32 40 -38 25 -8 38 -27 -42 -22 38 -5 26 9 -9 -10 -8 48 -45 -2 -50 30 8 5 44 -32 37 -18 -22 16 -41 36 28 29 -22 -39 -17 11 19 40 49 16 27 -39 37 -5 36 -9 15 28 -18 14 -24 16 -11 25 23 -1 13 1 
47
-21 -18 4 -35 -33 -47 41 4 -36 -42 29 1 -42 15 -20 -14 2 -47 -8 34 18 -30 -49 40 -35 -29 11 -5 -47 -46 -21 -33 27 -45 43 -24 14 15 4 3 -33 25 45 -9 -33 33 10 
50
41 44 43 16 1 25 39 7 1 -23 -47 44 -9 38 14 -11 -13 -17 -27 -4 3 -35 8 34 -16 -39 -37 -49 -33 32 -43 -23 28 43 33 22 -47 9 -5 -48 -46 -3 44 -13 4 -12 24 -30 4 30 
101
-22 -43 20 -6 -43 -44 -30 -38 4 47 -22 15 -2 -5 -15 -46 36 15 28 23 -43 -26 -18 -20 24 -28 12 11 -47 -40 33 -35 37 -4 10 -39 10 -2 -43 21 -34 -14 -14 -3 9 -49 34 34 33 22 4 11 -22 16 -12 -39 -17 44 -2 0 -5 -11 -46 -49 -25 37 17 -8 34 42 20 -39 10 -40 20 6 -29 15 -46 -31 46 34 -25 -30 12 17 31 -10 46 -41 -14 34 -13 -1 -41 4 -48 -13 4 -46 -20 
81
33 -34 -36 41 -40 -39 -20 -12 -23 -6 30 8 31 -39 -6 -44 -37 -27 -44 49 -40 -21 -2 44 10 -4 -11 18 15 -28 5 -22 -42 -4 47 -6 -2 33 7 9 -1 14 -2 31 7 -31 6 -43 -32 -16 43 14 -40 -19 -28 -42 -31 30 -42 -37 45 -45 8 -47 -3 10 4 -22 -18 20 33 2 -20 1 -46 15 23 -41 -39 -40 26 
88
-37 11 2 13 -44 48 -1 16 -6 -19 4 28 27 31 49 6 2 18 -32 -4 9 31 49 -1 -7 -31 43 -10 -10 10 -47 -23 -2 23 -46 -5 -26 -29 23 32 18 -4 -49 -22 -26 -37 41 -18 -34 -40 0 -3 -4 9 -36 -12 -1 -41 -13 -31 22 34 30 -42 -19 35 32 39 -8 -6 3 -41 45 24 -6 -29 -30 49 39 43 -20 -13 3 9 -38 23 -50 -49 
69
-12 -13 -9 0 36 -33 -31 11 -47 36 -27 43 -7 -38 49 -20 10 -11 -39 43 -35 -30 -39 15 0 47 3 -18 -27 32 9 11 -23 -45 37 2 33 10 0 -31 47 47 -24 -22 -7 -8 -10 -49 -7 8 -42 -8 -32 -38 -21 35 -31 -43 -30 4 40 32 -18 40 48 -9 -25 -48 -48 
53
44 34 17 -41 21 -21 -7 13 5 9 10 8 -13 26 21 -25 11 -38 -43 -30 -9 17 11 8 -2 17 -16 39 -7 11 29 -14 33 -32 -11 -46 28 -26 5 49 -45 -2 -13 23 31 -4 37 1 35 5 -48 4 30 
73
22 10 -15 13 -39 28 -1 15 17 3 35 31 49 -10 -27 -4 -47 -16 5 19 -50 6 -44 23 39 -4 8 35 43 -35 39 -16 -46 28 -25 25 -48 -32 -48 -25 -25 -6 -15 36 17 13 48 21 -26 -26 20 -36 19 -6 -16 39 -41 -47 -18 -23 9 -33 21 16 -38 13 35 -27 20 -16 33 8 11 
50
-8 23 -33 -18 36 28 47 36 39 44 -27 -31 21 -21 9 -42 17 -18 22 -20 2 -28 -18 48 6 32 29 -47 43 37 10 -14 -36 -17 -27 36 38 -27 -4 20 33 -32 20 -3 -40 -9 -18 0 40 -44 
6
-49 24 10 -37 19 28 
90
-32 29 -33 -37 -33 -36 -19 -27 34 1 -25 22 26 -25 13 -36 -36 -40 48 -7 9 0 17 31 38 -20 20 30 -4 41 13 -19 -48 -10 12 -43 22 -33 27 0 15 16 -48 -23 48 18 24 19 -31 24 -48 10 6 -24 46 -4 -3 47 38 5 17 -6 40 10 29 -13 5 32 27 -37 -46 33 35 1 32 46 -10 -5 -50 9 -4 31 -45 -23 -2 46 -32 -37 20 -20 
69
19 42 26 -37 32 -28 23 25 44 47 -12 49 -5 -18 -4 -6 18 -43 -12 43 -29 33 47 -34 -33 -16 -40 22 35 22 -9 47 23 -36 17 0 9 16 -44 -31 -48 -43 -26 41 35 -32 17 37 48 -4 39 -9 29 26 15 -22 -5 48 -32 18 -27 47 -24 2 -18 -46 43 8 29 
9
-15 25 25 42 -14 22 -39 2 -32 
66
5 -33 -38 -15 -34 -43 -5 32 -49 15 -47 -30 -40 -1 -25 47 -1 -39 17 15 -31 -13 -6 -35 38 -31 -10 -40 32 -49 33 33 -39 43 32 22 -45 -7 -5 31 -5 -44 26 -36 -27 -21 16 30 -17 11 13 -15 33 -41 -49 12 -24 -22 47 22 5 -20 45 18 31 7 
45
-34 -41 39 39 26 32 -17 1 -18 44 -18 -29 22 -46 46 8 -19 44 20 4 48 26 25 -47 46 23 48 -14 48 -32 19 16 -15 -33 -14 3 -48 6 -7 25 48 28 -3 -35 -23 
19
-18 -25 -24 -46 -21 -15 -33 -11 -25 -27 6 -13 -25 -15 -43 -33 20 -21 -49 
42
26 39 -30 -32 -12 6 -44 -27 -26 -32 37 23 45 -48 -26 -31 7 6 -46 1 39 29 47 -44 9 -41 -5 33 24 -15 3 -35 43 -45 -44 43 -13 -44 -32 49 -5 -30 
51
-39 -23 -19 19 -14 -32 31 17 41 5 -49 49 15 27 -34 3 -26 -35 7 -13 -16 -50 36 10 30 15 15 18 17 -36 5 43 -39 30 -36 -45 -4 -10 5 -25 29 -26 -6 -36 -32 0 20 -31 41 15 47 
101
30 -46 -48 -21 -30 46 -9 4 32 -49 -5 37 -23 -2 39 -34 9 -38 -14 42 -41 -43 49 43 14 28 47 -28 -10 -43 -26 6 12 23 20 36 -25 -37 -8 35 -33 -46 38 36 -29 -9 41 -33 -39 31 19 48 -4 10 -26 11 -27 3 -11 46 22 23 -8 -22 -7 -10 -23 38 0 -38 23 -50 -43 29 -12 14 43 -8 -31 -17 13 -23 29 42 -17 33 -44 -3 -41 18 -27 5 41 -47 1 20 -2 -22 1 -5 5 
68
-46 -37 24 30 8 33 38 34 -7 38 49 -27 -46 28 -31 -25 15 -42 -27 21 35 22 26 36 34 29 -30 7 -38 -33 -4 44 -10 20 -48 39 14 6 -28 -8 -24 -40 44 18 20 -38 9 23 38 33 10 -10 34 -47 -34 -33 21 -2 14 -6 2 8 46 42 0 38 -21 31 
54
33 -32 18 -14 44 -37 8 -2 19 1 -50 11 -11 -48 -1 8 42 21 -10 28 -7 -42 46 23 -16 6 -49 18 41 -2 43 -48 33 -42 45 -17 28 29 -32 7 -36 45 -1 18 29 7 -17 44 -16 -42 -42 17 -50 -15 
87
0 21 33 -42 -22 17 31 42 -40 -16 -20 15 31 46 -45 13 -15 46 -9 -2 41 -34 40 39 -22 33 -15 38 18 43 4 -6 -39 25 -6 -41 -21 -6 -10 -12 34 40 -21 -18 26 7 44 27 -49 -2 -48 47 29 -24 43 -11 -5 -13 -45 38 -10 11 -18 49 -50 24 -9 -37 -48 35 -25 1 -30 18 10 14 29 -45 -7 14 5 11 -41 31 -2 -25 -41 
8
29 39 -12 47 28 1 8 23 
11
4 -28 25 -5 41 8 34 8 -18 31 -46 
14
33 -14 15 31 -8 -27 -27 -8 15 -8 17 29 -35 -17 
52
-42 26 29 33 -4 -36 -42 9 39 -20 -24 -38 40 -48 10 -42 -46 -37 -2 -11 -39 4 37 46 -40 -17 4 -50 -5 24 -23 -27 -29 6 18 -43 49 -9 -27 -40 -24 -40 -19 25 39 -33 24 -42 -38 -41 30 33 
27
-40 -35 -36 44 4 -19 -10 -24 2 49 22 -45 -40 34 34 -6 -38 -12 -4 -30 -43 24 -40 -41 -16 21 -33 
92
14 37 -2 5 -4 45 21 22 6 -37 -31 -2 -35 -48 48 2 -18 30 1 15 37 -24 -12 45 -18 -44 -6 6 -16 -12 8 46 -48 36 32 -36 32 6 25 36 -15 -17 16 43 -30 45 -2 32 30 18 -16 -48 -36 -12 9 -39 -16 -11 -49 -2 -4 -42 49 -2 -31 30 47 -22 -24 -16 22 28 -23 32 -18 37 -43 -39 -39 -35 1 29 9 -10 42 45 17 -26 -49 -39 16 -27 
27
34 3 -14 -36 16 48 -8 -45 22 10 -28 17 -9 19 -42 -47 44 40 21 31 -12 -4 -37 -40 -21 47 -24 
87
-38 4 -19 -44 -39 29 -7 39 45 34 31 -18 5 -40 6 47 32 36 -4 -24 5 47 -47 -12 10 23 -12 -41 -39 -25 -45 -36 8 -45 -44 30 -10 -41 38 32 31 -35 37 26 -44 25 37 41 -18 40 -3 24 37 -26 43 12 -32 0 34 29 -33 26 0 30 -24 6 -19 42 -18 -23 3 -16 3 -34 -32 4 -24 32 1 -20 -6 31 -20 18 -1 -42 8 
98
-11 -37 -21 18 19 35 -39 32 30 -12 20 -44 -31 40 7 39 23 -48 30 -9 -32 -43 2 47 11 37 21 34 -36 46 29 3 -38 10 -11 28 -26 -18 28 39 -11 -7 -47 -44 -42 19 -6 12 -29 3 -23 14 -19 -15 8 -4 2 -17 40 -4 -25 30 -12 -1 31 3 11 9 35 24 -17 19 1 -23 -24 46 -2 -5 -20 -11 -46 -40 48 48 -33 10 19 13 -9 -48 -27 19 17 15 31 -46 -37 26 
57
-33 39 -36 44 16 3 -47 -31 13 -24 -5 9 20 -31 -10 -6 30 21 -22 35 -41 -43 25 8 -32 -18 48 36 -45 -49 -3 -18 -4 37 -50 -7 37 -45 -32 24 2 -11 -45 29 -34 36 -11 21 -24 12 41 -44 -38 8 9 13 0 
89
25 49 28 10 26 4 -28 -49 7 12 32 9 -9 -47 -23 -28 27 -19 -49 -2 17 -24 -6 15 30 46 -46 41 40 -28 17 -13 -49 45 -33 12 -48 -22 29 41 6 16 15 4 -11 44 -14 -30 36 43 38 -41 -41 27 39 47 -47 2 3 -24 14 -15 -21 47 -28 -32 -27 23 8 28 -14 -20 -5 17 7 40 -42 9 33 -34 -11 -12 -3 44 30 22 -7 31 -2 
70
-20 -12 -40 1 0 6 -13 -42 -22 -35 -12 30 46 44 -33 -41 32 -26 -14 -31 37 -47 2 -7 26 37 39 -39 18 -36 -34 -9 26 -50 -39 -50 10 23 33 -45 -46 46 19 36 2 -16 -7 -46 13 -46 -42 -38 44 -5 -28 -40 2 -23 21 -44 -33 -14 0 46 -47 18 1 -23 -37 35 
48
31 8 -29 -18 -45 -38 25 25 -22 16 15 21 9 -20 -1 2 -1 -35 -3 44 -28 -24 8 20 9 9 6 -11 15 29 -47 35 26 18 0 23 37 -6 34 -13 39 39 -46 -21 -17 -6 46 -20 
64
-5 16 0 15 36 14 -5 -26 42 25 -4 7 0 26 -5 -24 -2 48 -15 19 13 16 20 13 15 -46 5 -33 -47 -45 35 -31 39 47 -22 -50 25 1 36 28 7 37 22 -24 22 14 -10 17 -35 -8 -32 -14 -44 19 43 -28 -48 -40 -42 28 47 -45 -26 5 
3
-38 -39 -14 
25
-31 -1 -38 -38 31 -4 36 25 12 -14 17 -30 27 5 -28 48 -38 48 -44 -10 -29 -34 -48 -18 13 
33
-45 17 -48 25 45 29 -42 -15 -2 -3 18 37 10 27 -39 -9 44 39 -22 19 27 31 9 44 2 8 12 -19 -30 20 -26 -43 -47 
50
1 -21 37 -35 -18 -28 23 45 35 -35 37 -2 40 24 -1 30 -12 30 -19 -31 -38 -18 -20 -13 -37 -16 -2 7 -46 41 30 -15 19 -46 -16 37 0 -45 -43 37 -27 -43 7 -5 -30 49 -24 8 30 -13 
68
12 -38 27 -9 12 -37 19 -1 43 -24 -47 -14 12 35 14 -8 -48 -26 -37 -16 43 -47 19 27 -39 -22 10 -23 -31 -36 33 -6 -6 -4 49 8 -31 40 -12 19 -50 5 -7 49 45 -24 16 -20 -25 40 -18 -44 1 -22 22 49 30 -35 -8 -4 -15 41 -28 -39 -27 17 38 26 
34
-16 -43 -47 34 -20 -30 -49 22 -48 11 -48 23 44 35 -11 20 17 -41 41 -20 7 -38 -37 -40 1 37 12 -9 -40 -43 -20 -19 -32 21 
98
-11 -22 -29 -16 49 -33 11 27 -39 3 -10 -1 48 26 24 -9 -16 19 -36 -27 -31 14 -14 23 8 -5 15 -32 -8 -37 -32 -12 25 -46 -3 -23 3 -50 -40 39 48 43 -36 35 -3 48 -32 0 30 25 18 49 -42 33 -22 18 42 34 31 21 -48 -41 47 24 11 1 -10 -12 -37 -47 -41 39 23 32 16 7 -13 -44 -29 14 -38 -9 25 -47 -27 41 -38 -27 -40 -34 5 34 -39 4 37 -22 30 -13 
60
10 -17 19 7 23 49 42 -49 28 37 -23 10 34 8 18 -4 44 34 8 48 44 17 -49 14 37 -5 39 11 -45 24 -13 -17 -32 -23 44 29 43 7 -12 15 -21 41 -4 20 8 -17 -47 -12 42 -5 -6 -21 -29 -46 -44 -23 -43 -38 -4 35 
29
-17 -19 -7 16 38 -42 12 -40 33 -10 6 34 25 20 2 -35 -44 49 0 39 15 -12 19 -26 -1 -10 30 -14 5 
78
7 49 20 -6 28 44 -10 2 4 20 -21 -23 -8 -29 -15 18 46 -49 15 -35 12 -45 -15 -2 33 -42 0 -32 -19 16 -22 42 -17 -8 -1 -10 -8 38 -3 -13 -19 -16 -47 21 -41 -4 -41 14 10 28 36 35 -20 -22 -30 23 12 41 24 47 -45 40 -37 11 -19 41 -28 -28 27 -12 22 -29 -48 -3 -50 29 1 -49 
66
-49 41 39 47 0 41 -8 38 -45 9 24 -44 -41 19 -20 17 30 -17 -21 42 17 27 9 34 42 12 17 16 -46 -10 -25 -43 37 -16 7 -5 -25 -26 -14 25 44 34 -40 41 39 -50 -43 -37 10 29 8 3 13 -41 -12 -26 9 25 -15 -15 19 12 -28 33 1 -22 
30
-19 48 -28 -26 -30 28 33 47 1 31 38 27 31 -4 -11 43 -3 -17 40 7 48 8 12 -38 41 -43 29 13 -14 -5 
75
39 26 17 1 5 -49 -33 -26 -1 -16 25 -47 11 -49 -48 29 -17 21 -5 25 49 32 30 -8 -49 -38 39 48 36 -32 -5 48 30 3 -49 11 -36 46 -50 -45 14 -8 10 -25 -41 -8 -35 -28 -26 27 22 -14 -38 -24 -44 41 7 -29 46 22 -24 -38 -33 -24 39 7 -39 30 29 4 -12 -30 -26 7 -11 
46
25 -10 15 -25 47 -50 -20 -28 26 30 25 36 36 47 -34 13 -35 25 6 -41 38 17 33 24 14 45 -17 38 38 -29 -33 12 23 -47 -28 -47 -22 16 24 41 21 -16 2 44 -43 23 
10
32 -28 18 -10 -23 -21 32 23 -21 -34 
76
24 44 18 42 27 45 39 -7 29 14 -37 31 15 31 -9 24 6 -39 38 19 -41 -4 27 -33 27 3 -38 41 0 -13 -8 -33 29 31 6 32 23 -49 -48 -47 5 -34 -21 28 -44 26 -19 10 -18 11 -37 39 44 -29 -5 4 -21 40 7 48 4 18 -26 -32 38 3 46 7 19 0 -23 -14 -26 -26 48 -13 
44
-15 33 44 34 -17 0 42 -38 0 40 -1 -33 21 46 13 46 -42 -17 -40 15 29 -38 18 -16 7 -40 44 -32 33 -21 -21 7 48 -12 21 -15 -12 -35 6 4 3 -41 -46 2 
52
-4 15 -17 34 -37 -25 46 35 26 36 -38 33 -20 -49 12 -33 -4 26 -8 31 -45 12 -48 -29 -46 29 -33 13 10 -21 17 35 -49 -48 42 -49 -14 -47 -22 47 -6 -46 -28 49 13 -1 -50 25 4 2 11 31 
24
22 42 34 47 28 23 41 -46 -16 7 6 -40 -22 -40 28 -40 1 13 -19 6 48 -29 -29 -29 
3
-11 -46 -43 
56
42 19 45 -5 -12 44 8 43 -49 7 20 18 -14 -45 -48 -38 -19 -7 -47 -4 -25 16 14 -18 -42 27 26 4 22 -6 -7 12 -42 47 12 43 9 -42 49 29 35 -20 -37 28 -38 -44 37 -36 20 -14 5 18 -14 -40 -45 -25 
94
22 22 -38 0 -18 -6 30 -14 -20 43 13 18 2 -37 32 4 -29 -26 4 32 -27 9 28 1 -40 16 19 47 49 11 -4 -33 7 32 -3 36 13 -34 10 -16 -11 -27 26 19 -45 24 46 26 -32 43 -32 -48 0 11 -15 25 -22 -42 -49 29 -20 19 -30 -12 11 -6 49 -7 11 24 -41 20 -6 -30 35 39 29 26 24 40 8 25 13 -35 27 -34 20 -36 48 -4 38 17 44 28 
91
1 40 45 -35 32 -35 32 -26 39 27 -35 -35 26 33 -25 2 -37 2 40 -29 8 5 -16 37 -39 23 28 -29 26 29 -32 -1 -24 48 -10 -9 -35 22 -27 -33 -44 29 28 -21 -43 30 29 36 -49 6 -24 6 8 11 -48 -8 -27 34 23 15 -10 16 21 -32 18 -5 31 13 -37 -10 45 6 -3 -13 22 -28 -36 -48 -42 1 -1 24 49 21 -18 20 -26 -3 -40 -42 42 
54
5 48 -50 48 -18 23 2 16 -41 -27 27 10 23 -2 11 -21 -30 -12 16 -38 43 37 -21 22 5 -36 6 47 21 45 -17 0 -44 -39 -33 29 -11 -14 37 -40 36 -28 -21 21 8 41 -45 5 20 -12 -26 0 -36 -32 
66
-49 -26 43 -16 -40 -32 -35 8 49 -49 -45 31 -15 6 48 -30 4 39 46 13 -3 -36 -32 19 22 -46 3 -16 17 46 -10 -30 -47 13 46 -8 -30 -18 -7 44 -44 -11 -41 20 44 3 -17 31 -22 35 -48 -10 -49 11 -21 29 42 -37 -30 46 1 48 13 -37 -24 1 
44
-2 -30 -13 -50 19 2 27 -40 -39 -8 -40 13 18 16 17 37 48 -17 -24 -49 42 45 35 -5 44 -38 35 -1 38 7 -25 -38 -49 0 14 -29 -44 -1 12 43 26 -40 -2 1 
46
-45 32 13 48 45 -41 -25 -14 -22 11 -27 10 -38 15 20 -27 32 -38 -1 17 -45 0 32 -19 -33 49 -49 7 -29 9 -40 19 -33 -11 -12 -6 8 1 15 -14 -37 -9 -35 -8 46 3 
43
-19 9 15 39 -23 -47 -44 -42 -47 -6 -2 24 8 -34 -4 9 -43 27 -16 -5 11 33 -46 -48 28 -46 -34 -11 -14 -14 19 4 39 -33 41 46 28 28 3 -21 24 -33 14 
50
18 41 0 48 32 17 4 29 1 33 5 -27 -30 -20 17 -36 -28 34 -8 -1 -11 2 41 49 48 1 0 46 18 20 -31 2 7 40 4 -11 36 -17 26 -18 18 2 -49 -18 -2 32 15 31 -21 30 
78
-8 -27 -19 39 35 -1 16 48 12 -45 43 -32 27 -40 34 -3 -47 -7 -22 21 39 -36 28 -37 -8 34 -20 -43 28 49 -31 -4 12 30 10 -18 -48 23 -36 -13 47 -12 9 -33 -11 14 40 43 -25 -5 26 14 -21 25 -19 -14 -42 -39 -10 27 22 -25 -35 -13 -33 -33 -41 6 44 14 -37 0 -2 -33 49 13 -27 -17 
87
13 -32 31 -17 20 46 0 19 3 -48 -1 -33 4 -27 -34 -16 -10 -29 -10 -27 9 20 -21 11 8 21 -23 41 47 18 37 -23 -49 18 19 -24 -16 41 4 19 11 19 -37 19 -47 6 44 46 38 22 2 32 8 12 42 -3 -26 -43 34 -41 -3 28 -46 46 -22 31 48 6 -34 -38 -29 45 -26 17 3 26 1 4 19 -43 2 27 39 -48 -18 46 -25 
81
3 49 -45 17 -18 -32 -32 -24 18 -13 -29 -26 25 36 12 49 31 21 -34 32 28 11 10 12 -37 7 37 -48 29 16 33 -1 38 -43 18 -3 14 -3 21 17 6 -28 38 13 -30 16 -41 -1 -34 40 -32 24 44 36 -12 -46 41 21 -4 -46 9 37 22 -46 -36 22 37 -17 -38 3 47 -21 -17 28 -33 2 40 -16 -12 -14 33 
88
-15 -45 -25 45 7 -16 -37 -19 -16 -16 3 -42 -7 28 -27 -45 -41 -35 -50 3 -47 -16 29 -33 -27 16 28 19 27 19 -7 48 -34 -19 41 5 34 -14 -34 -29 -3 -29 -17 -15 15 39 -36 -16 -41 -31 -39 -28 -33 12 -33 -21 -29 2 -15 -42 20 -38 -15 -44 17 30 -9 37 -11 -32 -11 -8 4 -21 -20 21 -30 28 9 -18 -17 -43 0 -18 -35 29 25 -30 
95
9 20 -33 -8 -37 -49 -43 -49 -34 -43 -5 4 -15 -47 -49 -37 43 -22 -37 27 -14 -6 -36 6 -41 -34 -31 3 -46 8 -13 -32 -7 -36 -24 49 -6 -25 22 40 20 -2 -6 27 -49 -23 4 7 -31 -41 5 34 -5 0 26 0 44 48 26 -11 22 -40 27 -10 -26 -26 -27 48 6 -50 -32 -39 -2 30 43 -42 -36 -38 48 29 31 -11 30 -44 17 -6 -28 9 15 -46 44 11 26 -36 -43 
5
12 30 9 30 13 
92
-11 -16 2 31 44 9 -27 44 -38 -45 38 -8 -10 3 -26 10 -45 -31 -18 23 40 9 -22 13 -39 -31 -30 -29 -36 13 5 -48 -41 -49 -23 26 31 -24 18 -30 -34 47 -26 -47 -6 9 -32 24 2 20 -13 -21 -39 -32 -26 38 -33 10 -18 -10 10 35 -33 -33 30 -36 -34 -26 -36 -28 22 24 29 27 -14 11 45 -20 -9 -47 -10 -2 11 7 -21 -42 33 48 16 20 46 6 
3
-18 -34 36 
16
-39 -45 -47 -2 -45 -37 -33 -6 -47 32 31 43 46 -11 -11 34 
91
38 15 -2 -4 -44 -13 23 -29 2 28 -16 -12 24 -44 3 9 -6 -1 13 34 -29 35 -15 16 -2 1 17 -19 -40 -37 -34 -21 20 -34 -17 19 4 -22 17 35 28 -8 33 4 47 -38 -2 44 4 5 -43 38 -5 -33 3 35 45 32 22 11 -46 16 26 19 48 17 -43 5 -49 49 -28 -15 -33 -48 16 -7 -35 31 14 -3 9 23 -33 -31 39 12 27 32 37 -39 -26 
95
41 23 35 -43 16 48 -28 24 25 1 38 -45 -2 -9 -17 41 -44 11 26 38 -27 -40 46 21 27 -6 -19 -6 6 47 -47 -35 46 9 -44 -42 18 -6 -19 -14 -20 -22 15 15 -26 15 -23 -25 20 -39 -14 -6 24 49 -46 -3 34 40 33 -27 -44 -25 32 17 12 -35 33 23 -45 -17 -46 -43 -18 31 42 -33 -17 -15 35 43 47 10 -6 -35 -35 45 15 -16 -11 -10 -36 -15 -10 -15 -22 
3
37 -40 19 
63
-5 0 2 48 -11 49 -30 45 -19 20 -12 5 -25 -3 27 -21 -35 29 -18 -48 9 -47 33 14 -47 44 -44 39 35 -31 13 17 9 -47 18 19 -25 32 -34 47 -5 33 32 -27 -2 3 4 -35 32 4 -33 -12 -4 49 -23 9 -11 4 -11 29 -21 -22 -41 
91
7 9 0 46 -32 -17 3 7 -9 23 19 39 -38 -21 26 49 42 -1 12 -8 -30 -31 -25 -16 46 -18 29 25 -11 -28 -22 36 35 -43 3 -43 -46 -18 -29 20 -33 -17 34 -20 32 -14 4 24 43 -2 19 -20 9 14 -45 -48 -25 14 24 -25 9 -15 37 31 6 44 -24 24 -36 -50 33 -18 -8 29 -44 -50 -41 -9 -10 -18 -18 44 -13 -16 7 -44 -47 25 -34 -41 -49 
32
-33 21 -20 18 -28 43 30 39 21 47 -34 -43 -26 32 -10 26 -47 4 -12 -20 48 -30 41 20 -23 -23 -46 -16 -23 38 -23 18 
98
23 -37 20 21 45 -27 38 -34 8 25 36 20 -44 -30 -39 36 38 43 -24 30 -1 -1 -16 -45 32 49 35 33 -9 -30 -13 47 -20 -13 25 -24 7 5 13 27 -26 10 -18 -20 -10 26 -7 -11 -49 10 24 -15 -20 47 -11 29 15 10 -8 -34 -48 -45 -35 26 -48 -1 21 -34 37 23 32 -16 28 -2 -16 32 -22 14 44 40 39 -43 10 44 -16 -39 29 7 31 -10 -42 44 44 -13 14 -9 2 -12 
16
-44 34 18 48 -28 -41 43 35 -3 -45 20 -20 45 -27 -35 24 
58
8 44 -19 -20 -45 48 -24 -30 49 -18 44 -30 -26 -12 39 -24 23 -26 -5 44 -1 -17 -9 -5 14 26 -45 -29 -2 -12 49 38 36 -4 6 -2 4 24 20 17 4 -15 -19 10 -50 -18 -4 30 19 40 -42 9 -49 -6 8 -46 7 3 
52
12 -2 1 37 -23 -21 45 42 -9 5 2 -7 29 36 -33 0 -19 -17 -41 -12 -40 27 23 2 -43 -41 -33 7 33 5 -8 -2 10 -32 13 -29 35 37 16 -49 15 -13 -21 -1 18 34 28 -44 1 40 -43 -4 
92
-22 27 -23 36 44 -30 -26 -2 -28 20 -17 30 4 18 1 20 3 -44 35 44 25 -38 42 36 -27 33 23 10 -46 23 2 19 -43 17 13 -20 -2 15 -38 15 33 15 -34 -44 -49 19 -26 47 25 13 -48 -31 -36 4 -42 -1 -14 -32 24 38 -28 -19 -45 -23 -24 -48 -11 7 -12 -5 -44 -43 0 -2 -21 23 21 -35 -30 2 42 -9 5 -31 -8 -32 11 -2 0 20 27 -36 
96
-28 -32 34 2 20 1 -9 -13 13 6 -5 8 -17 30 25 -31 47 -31 35 19 -37 45 -23 -32 -6 5 -10 28 2 20 19 -6 -25 -16 -22 28 38 24 22 -21 13 -38 43 18 17 -17 -32 -8 5 -16 7 8 -11 -22 45 -3 -30 36 39 10 -12 3 -8 -9 18 -50 36 -31 -19 -44 -20 -17 -9 -29 -21 49 1 -22 49 25 -13 -11 10 -12 27 -13 45 -14 -39 36 -23 9 -19 29 -13 7 
25
8 1 -2 -11 36 31 -37 16 -19 21 -26 37 43 -16 13 -46 29 40 -41 -1 4 36 -48 42 -31 
56
46 -23 -4 32 -11 -11 1 5 46 -6 -12 26 -44 4 -29 19 -7 -48 19 -24 -28 13 44 -4 -18 16 13 -4 18 2 -36 -9 -4 37 -15 38 26 -38 -31 -16 34 -39 20 36 38 45 -13 -35 -39 38 -8 15 29 44 11 -17 
93
-46 10 23 49 39 15 47 -36 -20 -3 -29 45 30 20 42 -27 -23 -12 -14 28 -19 -28 -47 -6 -24 -29 7 -20 -20 0 -27 7 -46 43 34 48 -37 48 16 -27 -14 10 49 -17 11 -6 19 -32 27 -3 20 19 27 -30 10 -39 -19 9 49 -33 24 -15 -26 13 43 9 -31 -3 -2 -43 46 40 -32 -15 45 16 0 -41 -42 43 -43 -35 -30 6 44 -43 3 -42 -7 -24 -11 35 28 
88
-34 47 -14 -50 15 13 -26 0 -47 -27 29 35 -17 -5 38 23 8 -19 41 29 19 34 -30 6 -35 -32 13 26 -37 7 -43 23 -35 19 33 27 -14 22 -27 -1 -8 35 1 19 7 -24 43 -14 -47 -41 -49 42 4 -21 23 -9 4 4 -28 -42 23 8 -50 -19 -46 36 3 -15 44 28 -18 -20 -16 46 -19 -20 48 -8 13 16 45 -28 46 2 -50 32 -1 49 
11
-2 -6 23 12 9 -41 46 -10 -12 41 46 
58
2 -30 -38 26 19 -12 -24 -41 15 -44 -50 7 45 -46 27 -1 17 5 20 12 -27 -32 -13 -45 -48 17 -50 29 28 17 20 -24 29 16 1 44 26 6 14 -24 -8 -10 -50 33 21 27 47 47 7 -43 41 -27 -23 5 -35 36 -47 -38 
76
35 -5 1 -7 10 29 -24 -19 6 -9 16 -50 -45 -24 -19 -14 -15 41 13 12 12 -22 -13 46 -37 15 49 21 -13 -31 -15 -30 35 -42 -12 7 15 33 -45 22 -18 -4 -43 -12 -24 26 37 -16 -4 29 -43 16 28 -23 -32 5 2 19 4 -1 27 0 15 15 -33 36 -1 49 24 45 -37 8 -26 20 -3 -16 
18
47 12 10 2 4 -5 5 -47 -35 -45 16 14 -28 -29 -37 -34 -19 30 
76
33 -22 -44 -13 -14 42 -6 23 -5 25 -36 38 43 -21 -28 26 -26 6 -7 -26 -39 38 -24 -19 -9 19 41 -43 26 -39 49 -45 -26 -13 -30 -28 -33 44 -48 47 -11 -1 19 -30 -23 5 29 -42 22 -27 45 31 -20 35 -24 -37 32 -5 3 5 24 -8 -28 5 34 24 18 42 23 -26 -16 -4 -28 -40 45 48 
9
-18 33 1 -44 22 6 36 28 -32 
57
25 -30 -43 7 -49 -44 32 12 -34 24 9 -33 12 32 1 -18 -49 -40 -27 -9 20 -9 -27 22 46 -7 4 -39 -3 -28 -42 -34 33 -27 -43 32 20 10 -48 -12 -37 -38 49 49 14 -48 -35 -50 -46 8 37 31 -13 42 -17 -29 19 
101
-11 -47 -30 -1 33 32 14 17 -2 -17 -18 -43 -42 -31 -14 2 12 -12 -4 32 44 5 -14 9 -35 -29 -5 28 -9 5 43 11 37 -10 -5 -14 -8 -7 28 10 44 -38 -6 -9 -33 33 -8 -3 -12 41 -45 8 29 -26 -8 -45 4 7 -27 47 -50 -9 -26 -27 37 -28 -40 25 12 -20 3 -5 -15 -36 -39 22 34 2 38 43 -9 -13 -31 0 14 -39 10 46 -16 33 2 24 -49 -27 32 -39 -3 -4 34 32 8 
26
-5 25 -38 13 1 15 -45 -20 43 32 -7 39 35 16 4 -49 18 14 29 3 8 -1 -37 -25 5 4 
36
-47 3 6 -31 -7 -36 -16 14 -38 20 21 36 -23 -42 -1 23 -1 -38 15 6 -29 23 -38 20 -31 -31 -1 -6 34 14 38 -45 27 36 36 27 
28
-33 -40 -2 -10 33 46 -45 19 -27 -22 0 1 8 -21 -27 -39 -3 0 29 37 12 -26 23 -39 41 31 -7 -33 
70
-5 -47 -36 -42 45 33 37 7 -20 -4 41 3 39 1 41 -18 -26 28 6 11 34 -49 17 40 22 -25 17 -29 -9 35 -20 11 41 23 -17 -42 35 25 43 -8 -32 -48 24 32 -41 -6 5 45 -48 4 0 -29 13 39 8 -17 -32 13 -32 -11 -7 12 -30 -31 22 -42 0 -12 25 -30 
89
-13 -26 23 -41 43 -18 -30 47 32 -45 40 -46 12 -16 0 39 -24 48 38 32 41 -50 -23 2 18 -28 -50 -5 -34 -48 -7 -22 4 14 16 18 -50 -45 -22 -21 -2 42 49 49 2 -31 39 33 43 26 29 33 9 46 -26 35 40 9 -34 -39 45 -48 38 -45 39 -40 -21 13 0 -4 -43 -29 17 24 -49 19 9 22 11 -26 -48 45 39 41 -29 -35 -30 -43 30 
59
47 -3 42 1 -24 -17 -28 31 2 41 6 -41 4 -39 8 2 9 -29 1 36 -34 42 -41 43 24 -26 9 -37 -43 17 -36 -44 9 -13 -28 6 0 38 -5 8 10 -31 46 1 6 12 -29 28 -44 -43 -26 39 41 46 -4 2 19 -44 -3 
83
21 26 38 -32 -29 -44 -18 17 -39 -8 20 19 10 -50 -3 14 8 49 26 6 -33 10 29 31 34 -47 15 -5 28 -7 -19 -34 -37 -44 -9 45 -3 38 22 16 36 14 3 -20 12 43 35 29 -22 -9 36 -5 -5 5 -40 12 -35 -36 17 17 -31 35 36 32 18 39 -50 2 24 20 -29 -44 21 -5 21 -5 -36 -48 -31 48 -25 18 -12 
93
27 31 -4 -47 45 33 16 46 -41 -23 -30 -3 -28 40 -12 46 -36 -9 -27 -39 7 28 -40 15 -41 29 -27 37 16 6 11 -26 -4 18 2 -5 43 -49 9 48 29 24 23 -3 37 -22 26 -34 32 25 -28 22 -26 27 29 -46 -35 3 -48 37 40 28 18 -21 5 12 0 -50 -18 -37 -23 41 -19 -5 -33 -25 -18 42 36 42 21 -31 44 -31 -40 -26 -19 38 17 13 47 24 48 
31
5 -40 -33 1 -48 -34 15 15 -18 -37 23 -50 6 9 -33 6 38 -30 30 -12 33 -32 26 9 18 48 32 43 -39 42 -9 
40
16 8 -30 -49 48 27 14 10 2 38 -24 -35 -20 -23 -25 16 -32 1 0 17 -21 20 -9 -34 -38 20 29 -42 29 -26 -50 41 48 1 37 40 14 16 -26 48 
47
-20 28 -43 -11 32 46 4 -21 -28 43 8 22 -35 -4 43 12 41 5 -4 -43 -26 -39 24 7 1 5 -40 37 -5 20 -11 7 -48 -22 -43 1 -43 14 36 37 -24 -18 -43 -33 11 12 -1 
3
-48 -9 12 
28
-40 -49 -19 19 -7 13 9 41 22 -37 -10 -39 5 30 -27 21 -22 33 2 24 -49 9 37 -48 1 -7 19 -19 
2
0 35 
6
25 4 14 -42 45 46 
21
-23 -42 3 35 -3 8 2 -42 43 21 15 -42 6 -3 -39 -33 14 -47 19 -50 -19 
97
48 7 22 -3 -39 29 14 17 24 -5 -33 -29 38 34 -29 -11 -24 43 -31 15 -35 -18 -3 -36 -18 -25 -10 -19 0 4 -17 5 -10 -17 14 39 -46 -14 -43 -20 -22 24 30 -36 14 -39 -45 -13 -20 36 -39 -8 42 -48 -40 18 -13 38 46 42 -39 -50 31 -48 27 -40 26 21 -25 7 -23 -33 -24 34 -18 -26 -25 19 -32 -32 -49 26 17 -44 -32 8 7 -47 -31 7 -16 23 -44 -14 -11 -44 -6 
33
-48 45 -2 46 9 -5 -1 -12 40 46 18 -31 17 -18 -4 44 31 11 12 44 -3 -25 24 46 34 22 -3 43 -35 15 40 34 -11 
4
34 14 5 -38 
83
-49 -14 -10 -33 37 15 30 32 34 33 32 12 -42 8 12 -41 32 -2 1 -16 -30 -45 -29 16 19 -3 18 -27 -44 33 -8 31 -27 1 -46 33 -26 -1 4 15 -15 -18 33 -12 37 -33 14 -50 16 3 26 7 -11 31 25 15 45 36 -10 -33 -29 -23 -5 32 -19 -35 -8 21 29 -15 12 -24 28 -30 -8 23 -2 14 -16 -46 -34 49 -33 
37
-25 21 -4 40 3 -37 -14 -7 -41 1 29 -27 43 -41 -10 -42 -24 5 -50 -48 43 -48 30 -14 -13 37 41 31 -10 28 -4 -44 36 -38 22 32 -43 
56
-44 19 44 -47 -21 3 12 -43 -26 -3 -14 8 -35 -10 19 -10 -34 -27 43 12 26 48 -23 -32 -41 17 5 -24 -3 7 -44 12 25 32 47 -35 -23 -22 -21 -27 -30 45 23 -12 -38 -25 22 -29 26 3 -33 -8 3 46 -6 29 
82
-13 45 -31 30 -48 -13 -20 17 49 -49 -19 -21 -43 -16 13 -26 35 48 -41 -7 -33 -33 15 -32 -16 -11 -21 -16 8 18 -29 31 14 12 -41 -11 0 18 -41 -4 -26 -35 29 25 45 -24 -45 24 -42 16 47 2 -35 7 -21 -7 -14 32 -6 36 -41 4 -18 8 32 27 -48 -42 -14 -2 4 -7 2 27 22 42 17 -50 37 -45 -5 -25 
50
17 -23 16 45 -35 -2 16 38 48 27 20 22 -14 -33 -31 -6 40 23 14 33 10 -47 39 -18 44 26 46 33 6 18 -30 3 17 20 -31 34 -12 35 -46 -39 -7 -49 10 11 -44 35 46 23 -39 -37 
90
-3 -15 -28 -7 -45 -3 27 -19 -18 -46 -14 40 -31 4 -18 -6 -38 -31 2 -11 -35 29 -25 -33 38 -20 -23 -5 -14 -37 -36 -49 12 -41 -9 11 27 22 -11 -14 -48 47 -12 -15 22 32 -42 -8 14 -50 -2 -11 28 4 -16 -10 -11 -44 -7 -21 15 -21 -39 7 30 11 -31 -21 8 -42 47 33 -17 33 -1 33 33 42 -47 46 -32 45 -27 -45 16 -48 -26 27 -50 17 
54
26 -10 25 -8 49 -37 -45 -13 9 -15 -1 18 42 7 -37 -12 -23 -10 -7 -21 -20 10 3 -29 -22 -25 23 8 35 39 -33 -48 -12 -25 4 -26 -46 -9 41 -48 7 -39 -45 -46 10 -8 31 11 32 -35 -33 -17 -1 14 
28
-3 46 35 -41 -5 17 -26 -50 45 -18 46 -26 -6 -16 -38 -9 29 -25 -42 -5 -50 44 6 -9 -17 -21 10 -38 
13
18 30 -49 39 8 -29 18 -49 -47 -31 6 -26 19 
51
-23 49 42 -48 -5 -31 -24 43 35 7 33 -19 40 -24 25 25 -1 -22 -3 1 -42 48 6 -21 44 31 4 -26 -50 26 36 10 10 6 12 41 -23 17 3 -32 -17 0 39 13 9 -45 6 -2 -50 -26 41 
54
-13 -35 -49 -1 -29 -5 5 36 -1 7 0 -29 21 46 -13 -31 -29 -23 7 33 -38 14 40 35 -32 40 -14 26 -25 -4 1 -21 -29 17 36 -45 -50 48 4 -33 5 49 39 -46 13 17 6 13 -24 40 36 18 18 4 
8
5 -45 -26 -42 -9 -14 -35 37 
87
14 29 -5 -45 -16 2 29 -22 -8 -23 9 20 44 -22 22 -21 -9 -45 -2 -9 49 35 -46 -12 -24 26 9 -42 14 44 21 14 -16 45 -17 -45 34 40 -15 -17 -48 -29 -5 3 -48 -7 25 41 -7 -3 -34 -4 -28 -22 42 -23 -23 -44 19 40 12 34 6 -12 -12 32 48 -41 -24 -13 -45 -11 48 34 -24 -7 2 -29 25 -31 -10 -37 -29 -35 -41 14 -24 
82
3 11 33 -1 -48 46 -13 -7 39 -50 -25 -12 -26 42 32 -27 45 27 -8 -8 -26 24 -26 5 -6 8 38 7 33 27 24 5 -27 -1 -46 -19 -42 -3 37 1 17 -48 -33 44 -21 46 23 41 -21 37 12 22 36 39 -2 47 -48 45 -43 16 40 44 -37 -39 41 -15 -18 -24 10 11 -25 48 6 10 -39 44 28 -21 44 34 22 -27 
51
-19 44 45 7 1 -15 9 10 1 -26 -34 -15 -47 29 -43 -22 30 35 -13 -3 3 -42 23 -13 -43 46 28 -9 -44 -18 34 45 -13 37 10 -12 -34 14 29 -23 23 20 -32 20 35 -34 -42 -35 -34 22 -38 
63
-36 29 -20 -29 -35 7 21 5 47 2 13 -30 7 44 -23 2 10 29 -47 28 -48 -18 31 18 30 12 -39 -41 -8 -29 -49 38 0 14 -7 33 34 43 -5 37 44 -32 22 -45 21 45 -38 -40 -3 26 24 -3 14 48 11 2 22 35 -11 -27 -5 10 7 
93
8 -26 33 -13 42 36 -42 -17 13 26 -32 -24 -39 8 22 14 27 35 -25 16 -20 -39 39 -27 -37 2 27 45 49 -21 -43 -36 -14 -23 -40 43 -45 -12 -39 -16 -8 33 11 3 3 -15 -11 28 -4 -42 -7 -29 -31 -13 -17 -22 -27 23 -50 46 41 10 2 -40 -36 23 -9 4 -16 25 -39 27 -21 45 41 -30 -21 -49 34 15 -32 -35 -41 16 -13 4 24 -23 32 36 -9 37 39 
70
-14 28 36 20 38 39 -11 -15 -42 8 -24 -43 -1 -32 -35 -37 38 -6 35 30 45 -2 -15 49 -22 38 -8 22 -30 -24 -4 40 24 44 32 39 -4 7 14 -36 -13 -28 46 31 -12 21 -47 37 -16 30 25 -39 10 -42 -37 -23 -28 10 -2 29 2 -18 46 0 -27 -3 11 29 -42 28 
2
-20 -4 
22
-47 1 -34 46 19 37 1 -31 -34 40 -26 -1 37 -34 -29 -48 32 40 -44 3 38 6 
80
-47 -35 38 3 -45 8 0 6 34 -8 4 13 18 -45 -17 25 -34 -17 17 -22 17 -25 -26 -50 -32 -29 13 27 16 4 21 30 -41 18 -18 36 -2 41 43 9 8 -39 -20 38 14 -34 14 27 -14 -2 -22 -10 -28 -43 -50 22 -25 28 -30 32 -12 25 -41 22 0 -39 17 -15 31 22 -46 8 -19 19 -32 5 -36 -26 -12 -9 
63
-31 -23 33 -15 47 -38 43 32 45 40 -18 -49 -1 -42 25 -18 16 -2 37 22 7 -7 44 -16 26 -14 -35 34 -15 -49 -25 28 -50 43 -44 -29 -10 -34 8 11 -32 19 42 34 4 3 30 12 39 23 32 -34 0 40 32 30 -26 -20 -1 12 17 0 -28 
25
-37 35 -6 6 -20 34 -14 -3 -33 -26 -32 24 -34 38 -26 19 16 -14 7 -45 -15 -38 29 -26 -13 
19
-26 -48 40 -46 -11 -42 26 -13 -20 -37 30 -7 20 17 -48 11 43 -31 31 
42
-39 33 0 -12 18 -27 -1 -20 -1 48 -10 39 -49 32 -28 19 4 8 -39 33 30 41 -3 25 -38 43 -38 -32 35 -18 -11 41 42 -28 -25 33 12 -31 24 3 13 0 
21
20 45 -36 -21 17 33 27 -49 46 23 1 23 -4 -30 -4 -32 22 -22 -34 18 -43 
90
24 25 -40 -2 -50 -6 21 15 19 -19 37 -3 46 12 25 5 25 12 34 -41 -35 34 -9 -26 35 8 -47 -15 -43 -27 27 12 28 3 46 36 20 -45 14 -42 40 -21 -45 7 -20 -33 43 -49 -36 -40 41 -36 -49 32 -15 14 -32 -47 45 3 16 26 -9 -31 -4 19 4 12 44 41 -16 2 43 13 43 -38 -11 -40 -13 13 -21 43 47 -49 -30 43 -28 39 15 35 
33
-35 34 33 9 -16 -12 -41 48 -27 49 -37 49 46 -47 5 3 6 30 -50 -7 -28 19 9 -29 -37 -1 -30 -6 33 -27 -42 19 30 
47
-2 28 10 9 -35 -34 -15 19 -16 -17 -1 37 1 43 13 -18 20 -48 -17 43 -30 -34 25 37 -36 20 -9 49 -14 17 44 11 5 14 39 -26 -49 12 -27 -26 14 8 41 -21 -45 41 -27 
77
-5 5 39 23 -30 -12 -4 -20 -37 2 49 -36 20 4 15 -9 26 21 -30 -25 28 12 -12 23 -20 -28 -5 36 46 43 6 -5 -16 -16 15 7 -47 33 -50 21 -50 44 49 17 -10 12 -27 -30 9 -46 43 -16 39 28 35 37 -10 9 -11 -21 -47 -34 -15 -39 -21 5 17 24 -37 -3 23 -21 25 37 41 48 25 
60
35 -19 -46 -28 39 -14 -6 -42 45 -47 36 34 -40 -44 26 30 -23 -18 -12 36 -3 45 41 11 -23 2 4 -37 -19 13 -11 -2 16 46 -22 -11 -22 8 0 35 39 -38 -42 18 -12 28 40 -41 39 -18 36 32 48 -46 -39 13 25 30 19 16 
86
-23 43 -12 13 -45 43 35 -8 23 -3 -2 28 -44 12 22 20 -3 -25 9 -49 46 -7 3 34 -20 -3 9 9 36 14 49 3 -49 45 -9 -43 -12 -2 32 -21 14 -43 -11 49 -49 35 22 17 -50 39 -21 48 -15 12 43 -38 -38 19 8 -7 19 22 34 37 23 25 -45 -6 -13 4 14 -14 -23 20 -50 -38 28 -19 -18 10 12 8 -33 -5 7 -34 
21
-23 -48 1 -47 33 3 -15 -42 20 -38 6 28 32 26 4 9 27 20 -46 -38 -18 
14
19 -15 40 -11 -10 7 -25 49 6 13 2 47 9 30 
24
45 -36 3 11 43 43 -3 0 37 -39 27 -5 -40 31 -23 -14 -14 2 4 -14 32 -43 40 -35 
90
-33 -2 -2 -14 -19 -11 -18 28 -32 -37 -21 -10 -6 -13 22 46 -19 -33 21 -4 -48 47 -31 -2 28 -4 38 -31 -50 5 32 -34 31 -35 32 21 -16 -49 -12 -3 23 -45 31 -29 14 -42 9 43 -41 12 9 -31 15 27 -12 -8 -18 35 -11 41 39 16 33 22 33 -25 -19 -47 18 -24 10 22 3 -49 -16 -1 -9 6 30 -21 -2 -1 9 29 21 -21 -10 -49 -39 17 
93
-33 -7 19 48 -15 -47 -26 29 -48 -17 -44 -13 5 -38 -29 -42 -3 -23 -37 44 -1 24 -12 -30 42 -29 -35 44 -40 -20 -4 6 7 17 -1 -48 31 -14 -38 -1 -23 43 -9 -48 9 -26 26 -48 2 -44 33 36 42 40 19 -9 20 -41 -50 -22 26 34 -30 31 6 9 44 38 32 -50 29 -45 -11 -38 -20 -40 -9 -6 46 34 -39 48 19 14 44 34 23 -30 13 -49 38 43 21 
89
33 9 15 39 -22 -7 -47 -32 45 3 -2 -32 -40 -40 2 22 45 49 30 1 -34 -23 33 -26 -15 -49 -45 -27 32 48 -22 48 23 4 -2 6 -40 -6 -47 -11 -28 -11 27 -43 7 -13 22 45 28 -15 13 -1 -14 45 2 48 -27 15 -10 -45 10 24 24 11 36 -46 -36 -27 -44 -24 -43 35 -12 -35 40 -11 29 -30 -8 -3 46 -3 -41 -46 -41 -1 -30 21 43 
38
4 -12 -18 -4 47 18 -10 6 32 6 -4 32 44 15 26 24 -50 24 -26 -39 -18 29 45 -46 -5 14 4 11 -50 43 39 -5 -1 0 -3 43 -37 -23 
4
46 -30 0 -47 
93
-38 -11 5 -31 44 -45 -43 3 23 -27 -49 -5 -10 -40 -25 40 -16 47 -11 47 -14 15 39 38 -47 44 9 35 -13 -17 31 -20 -17 -39 -1 -27 23 36 0 -7 40 9 45 1 26 -34 -2 39 10 45 -24 -15 -46 -11 -36 40 -12 -41 2 40 -31 -49 -26 9 8 -44 30 -12 -35 -7 -11 -42 -13 2 31 -40 -35 -22 -34 47 -40 38 33 -2 -30 -22 27 38 37 42 -5 38 -49 
80
-39 -49 32 8 47 33 -40 -20 -15 43 47 -38 -39 35 -21 38 11 1 25 0 -16 -22 46 -30 -10 40 -37 -3 32 -24 10 42 -27 -17 -21 7 46 -27 43 -49 -17 -45 28 -14 -25 -6 -18 -12 -35 -43 29 29 37 24 -26 -15 -17 13 22 13 16 -21 36 -19 30 8 2 19 11 11 27 -40 49 -45 -29 19 36 -17 40 -33 
51
26 -48 0 20 44 -45 11 -25 14 -34 20 0 42 28 37 -12 -49 -20 -2 49 28 3 -7 17 30 7 -17 22 -17 -12 -18 -46 17 38 -28 12 -13 36 -36 -35 26 44 -28 25 -29 -2 -1 3 -37 -11 11 
2
39 39 
85
-40 -11 -36 -45 35 21 15 39 7 21 -4 -13 -49 9 42 -4 31 -14 31 -1 49 43 39 21 38 17 -2 38 24 -27 -16 -36 -14 -32 -1 28 -40 27 -20 41 35 26 26 36 -45 -27 7 24 -21 25 -5 -49 20 12 -18 -12 -9 13 5 10 36 -38 -39 34 39 -42 -5 5 4 41 -9 24 -11 10 -14 23 -3 48 49 -6 -42 -4 -31 26 4 
54
43 -43 -4 -30 37 -23 2 45 -26 27 -1 40 -36 41 -39 -24 -31 24 -44 39 -30 4 -28 14 -8 -44 48 43 11 2 -13 48 -21 -26 -10 37 -21 34 25 39 7 -45 -15 -47 15 42 41 -12 40 41 23 37 -39 -49 
14
-14 6 -12 37 33 12 10 43 -9 -7 -7 49 -19 49 
45
31 31 17 30 -50 -38 47 27 45 -32 -50 43 -49 -47 -28 -20 -3 -44 -27 36 45 -42 -15 -42 -38 10 -3 28 -20 -37 22 46 -6 18 43 -36 18 -13 24 -36 25 -16 -49 26 0 
11
45 -37 -2 -7 -12 -21 31 4 8 -26 -44 
82
20 29 32 2 39 6 -21 -33 34 1 49 39 -29 5 -47 -50 -26 -42 -30 18 15 48 37 -31 -44 24 24 -28 20 33 -41 47 -3 43 22 39 30 -5 -34 -9 16 -15 7 -14 -26 49 20 11 27 0 29 -49 -21 3 42 31 -8 49 -43 -35 -46 -39 22 28 -24 14 36 5 25 22 -41 -26 31 -43 23 21 48 47 40 26 -34 -18 
32
-31 31 -24 -43 0 24 29 -5 33 -27 30 48 -14 18 -10 -37 -7 48 43 13 39 -5 -45 2 -40 34 28 7 25 -44 -3 32 
25
22 0 13 -29 -7 36 -23 -44 -3 -38 30 4 -38 47 -38 47 -19 -1 5 -14 -33 -43 16 -22 38 
25
42 12 8 -26 -3 -46 -32 -15 31 -19 49 42 -22 3 14 -38 12 43 -12 -39 -37 38 -30 40 27 
