100
2 3 2
1 1 1
2 1 2
3 2 3
1 76 1
38 9 38
1 12 1
85 7 85
31 10 31
24 3 24
18 14 18
85 5 85
4 2 4
81 9 81
91 2 91
4 3 4
82 7 82
76 9 76
16 6 16
16 10 16
6 23 6
96 1 96
3 37 3
2 6 2
32 7 32
4 29 4
4 1 4
1 3 1
32 4 32
100 9 100
3 6 3
25 6 25
71 5 71
21 8 21
6 19 6
77 4 77
43 7 43
31 12 31
3 4 3
50 2 50
94 7 94
34 6 34
1 100 1
73 4 73
74 9 74
73 8 73
42 5 42
71 7 71
28 4 28
3 3 3
46 9 46
3 1 3
1 4 1
39 3 39
40 3 40
15 1 15
19 9 19
100 3 100
96 9 96
7 18 7
85 2 85
100 4 100
1 2 1
50 7 50
94 2 94
4 4 4
93 2 93
15 11 15
19 7 19
29 2 29
73 2 73
31 1 31
10 9 10
10 18 10
58 9 58
66 2 66
1 67 1
100 2 100
78 1 78
88 2 88
72 7 72
4 9 4
2 2 2
46 3 46
24 12 24
2 59 2
80 8 80
2 4 2
10 11 10
42 4 42
14 7 14
17 6 17
18 4 18
100 1 100
77 9 77
10 5 10
1 23 1
6 1 6
66 6 66
47 9 47
