Case #1: 3 4 6 
Case #2: 9 24 45 48 
Case #3: 86 112 133 138 160 168 182 
Case #4: 1 4 7 10 11 13 16 
Case #5: 3 4 5 6 7 8 9 
Case #6: 41 43 46 50 54 56 57 58 60 63 65 66 67 70 71 73 74 76 82 84 88 90 92 94 95 97 98 101 103 105 107 109 111 113 114 116 118 120 122 123 124 126 128 130 131 133 134 136 137 140 
Case #7: 32 59 72 117 127 142 149 154 180 218 
Case #8: 13 18 19 22 26 30 34 36 39 41 
Case #9: 2 4 5 10 
Case #10: 7 9 11 13 14 17 18 19 21 24 26 27 30 32 
Case #11: 6 8 
Case #12: 117 136 175 195 233 254 271 288 310 322 342 351 383 411 442 451 457 460 487 488 508 536 543 570 579 
Case #13: 30 33 37 39 41 43 44 45 50 53 55 57 58 59 62 63 65 68 70 71 
Case #14: 277 362 391 407 429 441 486 501 524 549 566 590 596 612 624 643 653 702 704 727 755 760 761 802 828 832 853 880 902 919 951 961 968 1008 1021 1035 1043 1055 1074 1098 1128 1153 1167 1184 1221 1241 1255 1280 1310 1320 
Case #15: 7 8 16 17 20 21 24 28 31 32 36 37 39 40 43 46 48 51 52 55 56 57 
Case #16: 1 2 3 4 5 6 7 8 9 10 11 12 13 14 15 16 17 18 19 20 21 22 23 24 25 
Case #17: 37 46 48 53 55 59 63 70 73 74 80 87 89 90 96 104 105 107 113 118 122 123 126 
Case #18: 8 18 25 28 31 32 33 36 43 45 47 53 55 60 62 63 66 70 72 76 77 81 83 84 87 
Case #19: 2 6 
Case #20: 2 3 6 8 9 11 13 
Case #21: 4 5 6 7 
Case #22: 29 31 35 41 45 47 52 55 56 61 66 67 71 75 76 78 82 87 89 92 93 
Case #23: 24 31 35 39 40 41 44 46 49 52 56 57 60 64 65 70 73 79 83 
Case #24: 6 8 9 11 12 13 15 16 18 19 
Case #25: 1 2 3 
Case #26: 22 222 
Case #27: 9 10 11 12 13 14 15 16 17 18 
Case #28: 2 3 4 5 6 7 8 9 10 11 12 13 14 15 16 17 18 19 20 21 22 23 24 25 26 27 28 29 30 31 32 33 34 35 36 37 38 39 40 41 42 43 44 45 46 47 48 49 50 51 
Case #29: 5 7 10 12 
Case #30: 21 24 28 34 39 44 47 48 54 55 57 60 63 65 67 72 73 77 82 83 87 89 
Case #31: 17 65 112 158 203 247 290 332 373 413 452 490 527 563 598 632 665 666 667 668 669 670 671 672 673 674 675 676 677 678 679 680 681 682 683 684 685 686 687 688 689 690 691 692 693 694 695 696 697 1258 
Case #32: 4 8 12 16 
Case #33: 7 15 22 28 33 37 40 41 42 59 
Case #34: 25 26 27 28 29 30 31 32 33 34 35 36 37 38 39 40 41 42 43 44 45 46 47 48 49 
Case #35: 2 4 5 7 9 10 11 12 14 16 18 20 21 
Case #36: 2 4 
Case #37: 4 9 13 16 17 18 28 
Case #38: 4 8 
Case #39: 2 4 5 7 
Case #40: 3 10 17 24 31 38 45 
Case #41: 19 42 64 85 105 124 142 159 175 190 204 217 229 240 250 259 267 274 280 281 282 283 284 285 338 
Case #42: 4 14 24 34 44 54 64 74 84 94 
Case #43: 601 602 603 604 605 606 607 608 609 610 611 612 613 614 615 616 617 618 619 620 621 622 623 624 625 626 627 628 629 630 631 632 633 634 635 636 637 638 639 640 641 642 643 644 645 646 647 648 649 650 
Case #44: 30 31 34 38 43 45 50 53 56 58 61 64 69 71 76 78 81 84 86 88 90 93 94 98 100 102 103 106 111 112 116 117 122 124 126 128 131 132 136 138 140 141 144 150 151 152 155 157 160 163 
Case #45: 16 18 19 21 26 28 30 32 34 38 39 42 44 46 49 55 57 60 
Case #46: 26 27 30 31 33 36 38 41 44 45 47 49 50 52 54 56 57 60 63 64 68 69 71 74 75 
Case #47: 2 22 
Case #48: 3 6 8 11 12 15 17 19 21 23 25 26 28 30 33 36 39 41 42 43 46 49 51 52 54 
Case #49: 3 4 5 
Case #50: 2 3 4 
