702 337 349 762 1908
61 518 981 1793 1964
1857 845 340 944 54
644 1323 230 435 718
1192 520 514 1026 1704
1562 590 1773 1951 1673
1969 1651 1582 1613 1831
1045 1082 1790 630 1223
1866 1432 1767 1922 1105
1040 728 1381 1240 1603
540 1611 196 1440 819
1781 737 960 1653 1879
1667 870 360 1941 183
1924 1768 108 1193 1947
962 1497 1129 1337 208
1269 1679 925 524 1232
151 1340 1584 957 1872
761 1755 100 275 1647
1720 327 898 759 160
120 829 30 1992 231
1109 1957 921 1489 1934
1390 770 1541 1778 1044
1390 1666 239 482 1008
987 1260 1276 1953 1030
1493 478 906 1263 1122
1066 487 745 611 1047
1574 1022 32 733 634
695 133 1588 695 1874
1544 1312 1910 736 622
1629 1099 400 724 1994
316 1099 591 387 697
1716 492 736 1520 1428
537 3 482 259 1721
1515 1304 1257 861 96
1164 1045 231 748 983
170 1084 71 828 573
1905 292 1197 565 1824
1649 460 1308 42 1438
1007 389 1987 58 1740
260 1505 63 1794 954
1860 1250 1064 105 1730
1642 1124 155 407 572
1395 280 1253 1892 1191
1622 1488 705 1481 1900
1961 1758 753 1803 2069
218 545 987 1687 879
577 647 755 803 1404
286 883 1105 220 1033
377 719 157 1362 1059
564 1996 494 244 178
1143 905 1446 1170 1764
1577 1854 1804 1442 854
376 1388 1772 840 1189
648 1683 85 228 736
393 1378 925 1601 2092
1403 1881 975 851 31
1274 623 1128 1583 1921
293 868 911 407 434
899 33 908 854 1654
916 583 237 1574 1175
1941 160 1885 318 691
1076 695 1196 1686 984
288 1296 1515 1719 712
1950 1337 632 415 1783
1125 857 176 29 1179
1848 395 1825 291 2043
1600 1767 772 644 649
284 500 636 1866 45
1985 241 788 1566 1799
517 1737 1265 845 1107
1142 1634 915 298 1263
183 1901 1185 1635 125
150 882 842 1416 2099
1872 1495 199 624 561
966 809 1249 567 1944
1541 65 1464 1165 1833
1743 141 1124 1608 1397
242 1540 589 1332 1049
473 644 57 328 1177
40 1842 1748 1691 1321
1370 1587 9 1778 270
165 1424 267 1641 295
1912 921 1987 1055 905
105 965 1092 1805 324
771 831 1862 956 834
1159 648 364 1264 1185
1031 656 1113 186 1286
1474 65 1710 1739 196
632 784 433 145 835
1487 422 1867 110 1532
1966 334 536 463 1575
662 799 584 1984 596
1457 1416 108 811 1271
1645 1671 243 242 832
1413 1088 326 1402 1321
198 1770 985 1122 2033
1420 295 350 1581 1763
935 122 268 538 1894
1472 998 1220 1578 2003
1568 1501 358 1363 1239
40 1776 1380 674 93
1831 1830 725 145 50
200 469 1568 1418 1322
893 1138 1613 1891 1763
1108 1141 1649 659 1117
700 44 1983 1191 1335
1847 1833 1831 826 593
757 1029 110 1337 1189
678 701 1261 1240 1189
786 1049 187 433 1152
1803 1996 1034 1209 563
629 211 677 630 210
339 1932 842 1770 592
1160 1788 1375 1881 727
1816 1473 896 405 530
241 427 1059 498 182
1131 388 828 1716 1067
785 908 328 1561 853
1951 176 646 728 576
723 1428 927 706 1919
1015 807 1719 783 1591
1660 653 294 1782 1894
30 1509 573 789 1279
1594 644 660 599 1562
483 1207 33 1962 2082
1984 676 501 1816 1959
762 1224 188 322 2058
115 1569 954 821 742
1164 767 1720 1600 1171
194 392 1718 937 774
1534 348 1394 384 328
1218 1659 1119 1398 72
502 166 418 1536 650
959 1541 438 1696 458
1614 425 1987 1668 1850
1399 1627 1242 1324 1681
1241 1715 169 1022 923
1658 413 1780 391 1339
348 1735 1224 1884 77
653 787 1440 1088 1147
725 667 124 724 1861
523 1147 969 525 1615
972 1724 730 1765 686
1932 1001 660 80 1677
1905 1853 1224 1564 716
1521 1119 1036 1255 224
1552 1030 570 326 186
626 1899 844 1672 1471
1793 1737 1414 1963 2091
1716 1040 601 732 2043
1165 1154 1379 190 167
1821 54 1778 1545 165
1235 229 1906 1996 606
1950 120 108 369 766
1061 85 180 1276 2005
1118 723 1552 856 283
520 111 1779 713 425
191 565 335 1264 700
1820 1464 1628 1187 1401
464 1648 811 338 365
1741 999 1086 1053 1814
1480 1092 1380 1360 2072
1799 632 367 1842 1209
1658 1632 1606 879 320
1677 1286 412 85 775
776 636 1231 950 539
981 1951 1042 422 1154
0 75 1945 1912 1544
1758 1470 1977 1829 723
1100 1130 101 1860 419
765 597 1158 1289 39
841 1629 97 873 1835
70 1076 1504 1878 1791
1883 1723 139 652 1345
1823 1463 781 1609 700
1449 328 1608 1661 720
1071 1777 1253 527 418
924 1940 11 1474 567
759 78 1500 1203 773
216 1258 511 654 1116
20 1784 780 810 433
1342 226 1360 547 1975
945 1524 1174 242 690
1231 885 695 1611 1622
992 1826 768 1433 715
391 1821 249 220 1791
288 364 883 1948 258
500 1687 1716 1403 1272
1266 1055 775 1108 1590
259 1235 1626 1615 2017
122 1111 717 1329 1810
1808 1850 1379 1701 1565
1455 500 1053 895 1583
1194 316 238 1454 1693
1048 1150 1355 1065 1451
1638 844 959 746 1316
577 1784 1641 89 1356
1411 1589 1479 1319 739
1932 1221 1116 58 322
1728 23 887 1508 1171
937 671 700 485 453
117 438 1865 1531 1037
785 953 801 1997 1779
1776 1462 394 295 1466
1451 1806 1084 858 842
1860 1997 1110 321 1535
156 1185 1662 1454 1496
929 792 610 1260 1225
1641 761 1543 1673 1776
1224 1075 805 407 1454
234 960 1104 1103 1108
1334 396 143 1027 427
406 1319 870 1384 784
1030 1588 1055 946 1835
151 1266 1907 25 1486
196 1421 1935 531 1247
967 1385 1443 918 42
94 656 1721 252 501
1846 33 1422 1094 825
1334 1790 1385 1287 958
60 1013 510 827 240
545 1736 1426 696 59
250 1347 1076 1987 1813
1506 309 1719 1716 1693
1578 578 1730 553 497
1434 1884 744 1780 1726
750 623 240 1023 1168
673 269 920 1508 1995
576 1518 593 1987 229
1387 339 1491 154 276
1513 1211 1030 1627 1320
638 48 1014 301 1926
204 323 258 1381 1813
1508 366 1957 1632 398
1680 421 1943 1359 2026
910 1288 873 149 657
1633 1465 240 1556 31
322 565 1302 657 965
984 689 866 1748 467
1669 1246 1891 893 989
825 881 1585 603 1667
1411 1177 816 282 1000
1944 537 879 1042 21
719 1224 664 983 1001
732 1103 1771 1437 1804
513 48 110 593 302
1022 1943 1061 1393 706
1369 2 381 748 360
1836 1358 220 747 1591
421 1954 1364 1185 542
1100 1364 611 1390 920
655 1311 1764 1979 855
196 784 1384 93 1700
1492 239 1078 653 581
158 577 475 1358 1794
1193 195 1851 1602 55
1170 1218 1237 1823 1796
752 1019 201 587 1223
690 1595 971 503 967
1122 1406 1089 299 441
1318 167 335 1378 1849
1165 1297 463 1308 315
598 952 867 1838 60
1015 642 1643 1041 1822
355 1567 1808 1305 115
192 355 193 1285 1164
616 544 1070 936 512
365 856 1760 1373 1590
1658 1938 648 385 1121
1081 981 373 1228 1351
180 1873 1948 1362 936
151 250 1322 87 777
1895 89 629 1563 1624
369 531 217 1722 890
450 1062 381 1063 1416
1467 1700 1893 1296 1189
1223 585 1255 1426 211
1257 1012 1712 1701 681
1084 1404 1642 374 343
1981 615 1343 639 1222
1058 112 782 91 1072
1056 1687 355 422 373
833 2000 865 1092 583
1508 1298 589 465 548
1731 1795 431 1929 1897
488 862 736 881 1634
1721 1511 718 759 82
31 272 904 94 1999
668 1103 411 1941 112
1069 1387 1708 569 1774
11 1642 629 1506 825
1117 1260 1843 281 952
972 44 237 1661 813
748 249 1210 491 743
992 1533 385 1381 50
747 1286 1658 303 2002
416 1391 333 1222 1321
848 702 1908 911 565
1860 677 485 542 1276
1004 534 82 1935 1062
1412 300 640 651 915
706 525 1428 1547 503
556 393 424 1597 2095
1777 816 1172 651 1668
1712 1437 75 1220 1799
391 1394 1001 303 544
1205 328 87 907 1059
915 1312 1650 1772 456
1696 383 1940 815 1092
809 1464 722 339 986
1401 1573 1095 1995 254
773 326 1182 812 1560
381 479 1442 1912 1214
183 1768 307 79 1908
1683 892 123 98 1900
1123 1904 232 144 214
846 311 713 1544 1148
568 549 1969 801 1265
1182 1651 1348 1704 1191
1477 1208 757 1467 1630
1041 572 807 570 858
426 779 109 262 1973
291 132 847 1741 61
1030 800 336 1250 984
1330 1043 1304 1533 2076
720 741 1226 1146 799
1423 732 401 1449 1082
1156 1563 1714 1525 540
1521 854 828 1201 340
1930 22 185 1861 1221
7 1602 422 403 1134
1932 1313 1919 1702 1836
24 163 1888 1648 1860
86 9 1807 1031 1624
1025 55 1938 179 1916
1478 1665 1725 433 943
1241 215 121 161 1955
1299 43 1901 499 90
1455 302 389 1416 1640
1067 1732 1491 1514 911
69 1725 395 68 2047
77 745 791 602 203
808 587 52 635 1882
1128 1205 470 694 147
779 1535 1432 1746 61
337 1909 255 761 578
1595 1800 1253 942 673
930 1812 454 1382 710
1627 698 1431 1581 1572
1322 1994 1985 1059 887
979 83 1836 1413 1829
694 1724 47 1876 2065
1431 601 938 1934 1252
1477 787 669 213 908
1818 1783 194 391 1445
1762 323 1392 699 1123
1147 1855 813 1010 544
1181 1807 1080 1238 1752
1884 1916 1957 1782 1881
1442 1043 431 1375 1789
1964 909 1916 1480 608
1394 1957 824 1259 203
1624 407 976 337 888
971 1861 299 715 686
1768 1843 910 184 1277
1484 1271 1321 1510 660
1944 637 1772 1894 173
1624 406 1364 948 2080
1682 337 1413 1075 1566
912 302 1970 835 1621
1547 946 1600 453 1270
576 628 1 1603 473
1805 1791 1308 418 771
1123 501 1886 1759 1446
698 339 734 1525 1589
1997 1989 698 1098 763
1660 1122 871 573 1490
707 1653 1212 1812 1142
104 1193 1960 967 110
292 22 1270 277 1350
39 563 598 1159 888
1420 1122 113 132 118
1371 165 57 1425 1151
910 1467 1090 1885 1427
368 134 897 106 1534
1855 136 544 30 1747
1468 77 1643 632 1727
97 804 1292 455 1369
280 1233 774 168 1308
1413 112 1308 561 674
904 141 1142 1484 1121
784 82 676 1571 1739
417 970 758 1099 1541
1865 554 1999 141 399
830 887 1167 1241 1940
884 1385 1381 687 1037
842 1324 181 1780 102
1297 360 1174 906 415
1439 404 1431 1120 206
637 586 691 904 2074
137 893 683 1730 1088
1043 1922 1607 1164 1461
1657 431 179 1947 973
1710 515 528 504 618
1026 1773 1380 673 2079
1532 1748 1183 1188 825
914 1783 850 1523 526
920 338 1362 1774 690
1591 1799 744 664 1678
241 1641 924 1576 1366
1554 766 1864 740 887
1485 765 146 1906 1407
1700 1819 298 1045 1870
231 1119 1349 1733 825
1453 1847 897 1096 1229
769 632 1286 924 1565
32 763 969 1709 1992
131 1732 915 1179 710
391 1304 1277 403 648
1088 1510 88 1675 617
707 1080 1505 1108 1115
295 279 1960 454 909
925 954 1165 501 1421
1674 1361 821 1048 1760
1367 528 1543 1532 1526
1848 1125 1015 180 195
323 1021 858 164 1818
1590 1936 1003 1654 652
659 553 1721 1712 347
767 167 1322 623 428
450 1351 1154 504 958
650 738 694 353 1505
1900 384 1575 1424 1329
246 351 1555 728 2089
742 1610 459 232 772
102 530 58 858 2010
1370 1080 211 1935 2010
465 251 1415 424 744
437 942 1201 1174 1908
557 1675 1566 670 1032
175 474 904 94 1305
176 514 895 181 1910
1843 480 1825 1142 1626
1707 1331 1341 284 1762
1623 76 769 309 2062
1140 794 1890 83 320
154 423 1064 1566 1330
92 1195 1796 1460 1168
1291 1257 983 721 1717
1584 1833 327 555 1864
1437 1558 1934 1522 1186
1372 1004 984 658 119
457 845 296 1227 1371
1126 1935 1308 1519 1106
1324 532 766 1707 909
227 613 455 1742 1190
703 1294 163 607 1028
1369 6 1556 399 1744
1329 1966 1424 1427 1738
310 1233 1287 1332 828
1801 559 432 189 293
1798 917 1342 321 1639
773 1224 143 1296 919
1171 192 1653 1819 711
757 2 196 429 1821
1731 1357 874 1843 661
5 54 1287 1918 528
742 175 761 1372 1387
202 1335 1144 303 1232
822 1163 971 94 1064
1202 1643 1033 1331 501
639 1452 188 1507 560
279 744 1649 1144 1835
391 1126 1580 451 1036
1787 825 557 674 1615
1675 1932 1659 1710 809
188 401 1729 623 1521
1737 478 1533 1046 1642
1007 656 1654 1918 2051
575 310 202 1617 616
97 717 589 1310 2027
551 697 342 1945 1022
1908 1122 477 1773 1129
1600 1564 1349 728 1522
752 1994 1795 550 1676
476 727 1279 162 2022
1589 1786 1039 1487 1492
1416 888 522 1799 322
604 34 528 340 1613
0 532 1914 1588 1372
654 459 955 1287 571
1725 1215 972 1961 726
1753 117 1764 1930 1623
59 316 1125 450 1668
1366 192 1382 111 1731
1043 1141 1176 846 73
1786 3 1613 1877 496
1863 1744 1813 1080 315
589 992 1082 993 615
1479 1104 216 630 1662
596 470 941 1632 1343
1526 713 744 1898 79
174 532 281 165 881
465 1293 432 1114 982
526 1520 1534 729 89
1296 1794 1568 1200 646
448 1776 495 579 715
918 695 1415 1919 288
1761 657 402 534 494
1734 121 1369 1647 411
473 600 1453 1364 169
1435 469 833 1297 1686
1111 1371 60 538 658
943 263 209 363 34
1183 997 788 1709 2059
893 1860 958 1013 130
1058 111 1843 1861 403
1541 1935 1058 308 2086
112 838 666 1640 1583
1887 746 1872 366 125
1778 1651 1842 429 381
251 1867 827 1244 193
180 1508 1807 110 1568
791 284 325 1917 34
105 198 783 637 1032
1779 246 425 1072 536
702 1529 554 305 1404
1266 844 1368 634 1494
956 1688 1017 1856 1405
1537 85 1187 1901 1657
1902 319 1393 443 2023
997 878 356 476 1635
1424 118 703 1921 388
229 1624 1969 1342 1790
1804 484 689 1124 1841
84 898 1676 350 578
1142 885 1621 1642 1934
1888 998 1906 932 1348
1415 529 261 1012 694
1342 543 1130 468 2056
315 559 223 1456 1504
495 1137 980 1157 1232
1948 32 1153 1773 531
82 1512 1029 662 564
908 557 1304 947 226
1349 789 761 73 1516
611 258 1665 913 1305
1838 410 555 425 1551
374 1291 1396 682 194
570 1706 143 296 359
1657 1212 1101 1493 7
1321 1777 379 236 2058
168 1504 373 528 1597
773 1724 1308 1540 306
1477 1979 66 114 1836
417 269 923 735 1676
893 1053 1295 1890 904
805 1104 783 337 1292
928 608 1092 338 14
29 1099 1802 1743 1074
58 1704 746 1560 805
1218 1684 1440 647 1759
813 1278 801 1430 506
1661 171 1683 993 1980
1361 1066 667 734 1400
667 1411 456 1743 1099
109 70 842 67 314
250 1814 969 1649 902
434 681 529 231 562
171 161 554 1885 647
1874 212 757 193 1380
1965 1814 714 405 65
1229 162 220 526 801
43 1993 1113 1237 1664
3 1492 1270 1096 1224
471 1189 1808 1186 65
944 287 1025 1814 1008
1205 1282 251 948 963
800 193 1980 556 1194
1151 991 981 1795 1033
912 318 1372 1340 601
1100 427 900 1858 629
1079 1907 1914 107 235
216 884 1387 310 965
756 1525 372 1736 1158
410 799 1436 65 197
811 968 1713 451 864
1939 423 239 813 962
346 1043 99 166 1151
672 557 1217 414 1280
1669 1022 1527 953 758
803 1053 560 1490 1886
1379 1687 1737 1715 235
954 557 1329 691 1182
1328 1771 1415 291 1541
1459 740 699 1929 1975
378 1003 795 1946 828
458 1322 204 62 40
75 645 296 865 1762
1160 811 510 162 878
164 783 1273 1070 2033
1813 1549 525 939 2062
1041 671 679 1415 1378
484 1199 1304 458 1180
343 110 1862 278 2069
1046 23 414 1302 1410
591 246 140 710 1059
283 313 638 1936 191
979 1114 28 89 923
1063 921 1039 371 1192
1924 862 1937 448 1102
197 1058 1218 1758 1681
445 776 524 1208 1578
818 482 1045 1199 630
187 103 1493 1987 1078
588 1947 1642 570 394
1182 663 1350 1641 818
11 1202 685 988 1312
1543 1293 1001 895 297
1601 1241 1844 401 1191
320 136 517 1022 1726
196 1802 413 1829 893
1477 1972 1829 1371 1561
1362 1752 1639 1404 1223
1961 902 1804 1613 895
1225 1747 562 1925 803
108 152 1160 807 1069
1586 1118 812 66 712
137 1712 1880 825 1806
1647 103 1988 1063 1549
509 1722 174 300 1236
1200 192 1289 354 2004
1089 1774 950 1020 2094
1683 1944 904 1008 1503
695 376 1571 1563 583
1270 530 577 330 1550
416 1593 1655 46 1896
52 1942 1807 1434 613
546 144 1640 1350 781
1046 1880 524 476 1768
574 643 189 572 1097
603 589 307 1824 935
470 342 1012 278 894
663 1891 840 1896 52
764 1767 67 1979 2076
1311 707 1422 1373 1479
846 644 715 1158 1471
418 1793 1501 183 1792
1796 776 1904 537 1827
1027 1776 1656 756 266
1947 816 1998 1020 1563
1496 877 1984 1734 273
800 1131 1549 1707 809
1015 1466 1444 564 2052
1339 305 1450 318 616
1874 973 925 284 229
343 1053 1126 9 1993
764 634 934 863 478
1401 242 129 1847 1970
274 20 989 1584 1725
824 104 1927 1917 1578
878 1018 1395 1616 873
1716 835 221 752 1646
956 1612 499 1975 1619
460 337 1083 1001 1246
1801 1217 1738 1309 2071
223 1327 529 332 851
982 1103 1129 38 289
923 860 717 391 510
1767 318 802 1206 731
535 138 461 1534 1609
212 1958 822 977 1978
601 630 1201 169 67
1219 1146 1519 1207 1249
1058 975 1826 31 1893
733 645 801 1071 1644
1246 74 501 1568 1791
1778 555 1744 129 1307
1014 104 1539 1697 618
167 962 1554 1572 1305
1674 1129 923 1610 1237
386 1024 31 1654 488
1230 293 691 973 1960
1207 1832 1828 240 1345
1420 1484 749 452 525
511 682 1858 1974 1430
549 630 636 1224 1697
1698 1780 251 1630 319
1110 246 30 1132 370
454 1016 1518 970 491
1587 279 937 38 983
1865 76 780 1955 996
501 1905 1290 1264 1817
83 786 759 861 1042
1876 1764 275 1861 1415
665 366 1112 117 1723
1873 1001 1495 1707 761
506 1370 1479 1692 1603
1792 929 82 1282 1494
1899 517 483 473 1585
892 1509 91 1747 1324
1668 922 386 826 334
335 1665 1613 411 763
265 1669 1171 756 1280
1449 848 1705 588 319
1269 1254 850 1845 449
122 470 1300 452 1296
1420 1958 1695 482 595
486 1061 700 353 1417
725 1198 1228 1208 1771
1149 1435 297 308 1700
1067 1285 502 445 1055
620 1837 1574 1443 1171
657 197 1236 876 1162
1122 1242 1039 978 37
573 1612 1705 1020 1405
295 1831 1862 1404 1212
1906 1277 646 1939 145
1134 416 1343 1009 1089
671 1070 1571 1103 1475
984 465 899 795 494
1153 868 188 1346 1625
394 956 160 1622 1529
1181 160 1868 905 788
435 1545 1765 550 128
750 410 1900 1401 922
949 1820 1403 1720 1409
934 604 933 1395 2080
1778 1157 630 970 1792
1590 771 1932 1105 1158
1772 287 595 148 1235
350 1979 925 1769 1244
1589 1883 703 1861 348
1675 1939 1722 1997 840
490 1201 1471 313 1145
628 145 1571 1911 276
743 344 1626 1821 1967
93 901 420 1560 1261
1157 1385 799 1092 1136
1006 708 1700 478 1241
996 1691 1564 1128 1573
1149 200 1170 656 893
1277 750 211 1374 231
726 542 1498 555 1636
242 56 1290 1123 1447
986 334 1555 1054 1988
809 510 419 1709 524
972 1887 1089 1295 1933
1250 1133 134 206 2063
777 1091 430 519 67
298 1041 551 1343 1520
868 1431 1684 1992 1018
1242 1427 882 972 1027
441 1155 1273 27 471
648 573 1629 1128 2045
389 855 1322 1126 1588
1684 1313 679 1556 807
1534 1006 488 1285 551
744 1851 896 752 558
1489 702 266 1379 1993
1287 1025 509 1278 1778
1366 1045 800 1342 187
1229 1080 1316 472 1826
1954 278 1962 1339 1433
1166 413 383 1986 636
1943 1231 385 332 1137
8 187 1422 486 1317
610 1745 246 1008 1163
194 1227 1380 407 648
802 1662 1911 61 196
1934 940 1837 945 1962
1852 1765 1422 248 1286
1636 1122 1604 971 804
1188 1242 1286 1024 489
511 379 924 119 585
1046 1044 1669 1971 1644
955 1819 816 1238 680
1366 1236 1432 659 952
864 1891 359 903 1735
739 1725 970 43 1022
861 653 265 76 501
1215 1960 279 808 1088
1773 842 1083 1312 1916
1885 1029 19 686 1392
1920 287 571 1048 1157
1417 1510 940 1332 1860
706 79 1383 217 1453
1149 1269 8 82 344
1801 1743 253 987 1176
809 1315 366 401 1177
1698 1364 1820 567 1089
469 141 1245 385 176
1225 867 1567 540 140
1350 1493 1564 754 1441
1065 1030 548 1403 579
1562 992 1748 226 669
1181 62 1313 231 1046
1119 1610 39 108 1967
401 242 767 48 1464
1836 129 1419 964 558
1710 1898 1669 284 1528
94 654 1169 43 2050
772 15 1754 434 679
1436 1321 1782 1852 661
1040 1992 978 1159 1508
223 581 1319 1710 1133
1255 1935 860 1769 551
503 1233 912 302 91
1216 700 213 1857 853
1275 1581 1359 1395 643
1868 217 927 1635 493
1677 1366 1450 356 292
420 1633 768 7 1756
787 727 1139 1610 760
0 1405 69 339 1361
1103 1775 256 597 1835
1532 985 391 202 1098
153 604 1927 398 1499
1436 1723 1281 226 1851
1952 1750 504 1818 896
163 513 515 796 929
1179 214 1478 808 1004
542 819 280 1430 62
515 80 1022 817 1166
419 717 337 1755 428
703 1716 1372 1144 1907
549 461 1488 1486 992
1970 861 1725 1800 2072
426 1177 501 18 1599
1708 1920 463 418 1292
1460 419 1606 714 220
1459 797 635 1867 485
1354 1482 1584 1042 1608
1196 513 744 868 868
1161 413 158 223 1783
1159 381 258 1281 122
129 749 676 976 427
63 1514 161 1466 1612
837 801 450 492 1163
739 1845 813 1867 1024
696 1926 1862 1140 458
530 1396 455 427 298
872 1167 176 581 1340
1362 66 822 534 1839
1670 1421 1418 1491 119
112 16 1673 693 934
51 1329 1396 1288 1623
113 1707 728 902 1812
1715 941 505 295 414
959 67 224 1677 1209
1300 1446 1399 825 73
1710 1383 1949 1533 929
913 1221 1493 414 2092
1409 227 1358 982 184
555 1480 1208 142 1512
1979 1174 1448 1608 1849
958 783 814 1571 2058
661 1939 1104 880 514
1565 44 842 1938 1032
139 463 192 699 1862
214 976 1249 419 698
1079 1103 1940 195 250
821 1818 1833 163 1076
1783 86 458 1531 696
34 948 88 1471 424
762 555 1535 1884 1242
477 1719 225 1718 419
1187 1444 1619 433 668
798 1123 1217 786 1943
898 129 1731 101 252
753 673 638 1712 1206
1669 798 1476 433 619
1359 1593 1029 1206 1440
10 746 732 1947 1280
1963 365 1526 1476 1885
449 381 492 979 1325
195 1258 1712 118 1971
753 1638 603 668 2049
1840 1495 644 1519 616
275 1878 314 833 843
1486 1903 1734 534 158
1476 1943 1552 9 1746
1311 405 1240 1687 1709
840 1595 1685 1717 744
486 1237 589 1887 1806
403 309 916 1903 1995
565 1991 653 1453 1085
1121 1916 469 778 1666
1128 1565 1856 586 1803
344 1498 491 613 1117
1035 1951 1709 1044 1016
1397 1718 1000 553 223
1100 1889 1388 1144 314
1712 982 1103 1340 1080
876 983 492 933 1281
487 1667 647 1978 511
1431 218 1164 259 1949
1948 1349 1874 1568 1321
1397 623 408 1323 92
396 855 1412 691 356
1312 228 286 941 897
1287 1201 416 1605 126
1480 604 1924 14 806
809 928 1646 74 770
233 32 1454 548 552
1949 841 954 1612 1955
1659 1207 1260 1861 20
1637 146 791 1002 1267
1149 909 658 1047 1933
1297 1109 38 748 1301
1482 1988 213 877 1442
807 722 329 1652 1621
868 8 1031 1607 634
1626 1994 1525 749 1030
1289 380 1881 694 348
1683 806 372 770 333
294 1482 96 1126 635
161 84 1647 1301 819
1207 172 50 814 2087
525 1101 1844 288 1869
1505 1855 771 1408 2022
704 1514 51 1289 1261
741 1464 1329 35 1509
332 334 1959 465 1582
1710 212 1810 792 666
641 653 938 1530 1341
923 971 157 1565 1332
413 1545 1326 1348 584
1857 669 901 971 731
1840 1959 1552 1486 602
158 19 1835 1589 1609
1995 154 1867 328 519
868 1453 598 268 1941
744 1091 1363 1504 1087
1518 18 1379 1829 1322
1850 93 1356 951 209
866 758 1775 1110 818
1590 1233 1830 1036 10
1101 948 73 518 2072
1738 70 1443 1632 516
810 772 333 1467 1112
578 148 314 1548 888
1020 1229 1781 643 1338
1098 330 1006 1994 1574
860 1618 875 1136 466
355 377 334 1858 255
5 1520 609 1863 877
1508 6 1536 796 1623
1114 225 273 1634 1566
1190 1948 811 1376 1404
1022 723 1615 1798 899
1613 456 1868 704 537
775 1241 310 245 242
83 983 1661 444 1199
1507 856 1131 247 1957
1046 748 1687 1512 954
937 343 631 75 328
476 1830 1605 1479 709
459 1103 573 677 1097
1187 101 1266 1366 430
1637 912 1823 1012 2027
526 550 1590 1175 2013
1823 1709 209 1311 629
105 1110 1829 266 1715
91 1509 397 820 955
418 1632 1250 1028 1820
1480 1762 1874 475 1683
1068 1646 80 1517 1485
1608 1452 663 808 1558
483 168 827 1746 593
1230 836 183 454 244
511 200 1321 1990 559
123 116 278 986 1925
1062 413 316 296 36
1526 698 188 1984 870
51 1004 194 1425 1691
684 129 1162 1589 1551
1161 599 1055 1921 637
102 752 191 1070 1761
641 4 1172 1906 1884
1499 714 1097 1131 172
1619 639 1991 724 544
1391 989 1896 146 519
429 749 1511 1392 2002
93 694 1768 1078 578
1454 989 1074 1523 1205
718 1054 1893 156 1001
1012 1739 52 667 211
1701 2 1343 553 524
649 835 1222 917 503
1912 474 1111 505 614
1232 940 1009 139 1568
248 229 1391 1989 1995
1404 1609 442 1483 557
436 1300 1274 775 849
1980 1063 981 246 1588
1306 1384 1546 1319 855
1663 1234 672 166 984
1899 1753 206 563 455
1102 1600 1062 1023 1890
