100
0
1
2
11
1692
213858
999995
292164
265199
1000000
10
663708
25
674735
762196
519439
205639
686594
851051
506636
72961
571071
380018
721364
271918
124
362718
40
779467
125000
9
4
104652
20
999998
34
133688
911210
71670
403183
3
999999
777164
999991
999996
954404
999997
200
771909
535557
621518
246569
816478
12500
854110
434198
610249
562071
679849
999992
5
427795
889527
739756
866179
8
513404
125
211763
408914
1250
225473
541210
687079
839403
6
557598
816751
584871
857249
999993
999994
467549
364901
988598
659695
402255
657006
637531
224284
441246
192103
166
565718
300682
596698
584551
410726
7
90188
