100
2 3 2
1 1 1
2 1 1
2 1 2
3 2 3
11 10 7
20 13 10
100 3 33
100 1 1
4 2 1
41 5 10
80 8 9
3 21 2
3 1 3
1 99 1
1 37 1
11 14 1
4 29 1
3 2 1
14 7 1
15 9 4
10 18 1
88 8 51
72 2 56
3 30 1
75 4 67
1 18 1
100 3 34
70 1 69
100 4 25
1 97 1
9 12 5
1 69 1
70 1 70
100 2 49
24 4 6
2 3 1
100 4 24
44 7 6
3 2 2
100 1 100
17 7 5
35 3 27
4 1 3
4 4 1
59 6 24
74 2 41
15 1 15
60 10 42
26 5 22
4 2 2
4 3 2
44 7 7
44 9 28
3 4 1
3 1 2
70 9 8
65 3 29
76 4 41
57 1 35
4 24 3
100 1 99
2 59 1
25 11 24
4 1 4
70 9 7
1 3 1
22 11 17
4 3 1
85 6 36
2 2 1
1 4 1
10 5 2
54 3 35
80 8 10
100 9 12
1 50 1
14 7 2
33 11 32
1 2 1
3 21 3
40 8 9
91 5 25
3 3 1
31 1 24
100 9 11
100 2 50
3 37 1
15 15 1
10 5 1
17 8 11
11 3 8
85 8 84
28 7 24
86 9 61
1 100 1
16 14 15
9 10 1
2 4 1
15 1 14
