Case #1: 2
Case #2: 1
Case #3: IMPOSSIBLE
Case #4: 1 2
Case #5: 2 8
Case #6: 2 24 46 68 90 112
Case #7: IMPOSSIBLE
Case #8: IMPOSSIBLE
Case #9: IMPOSSIBLE
Case #10: IMPOSSIBLE
Case #11: IMPOSSIBLE
Case #12: IMPOSSIBLE
Case #13: 2 46
Case #14: 1 2 3
Case #15: 2
Case #16: 2
Case #17: IMPOSSIBLE
Case #18: IMPOSSIBLE
Case #19: IMPOSSIBLE
Case #20: IMPOSSIBLE
Case #21: IMPOSSIBLE
Case #22: IMPOSSIBLE
Case #23: 2 20 38 56 74 92 110 128 146 164 182 200 218 236 254 272 290 308 326 344 362 380 398 416 434 452 470 488 506 524 542 560 578 596 614 632 650 668 686 704 722 740 758 776
Case #24: 2 8 14 20 26 32 38 44 50 56 62 68 74 80 86 92 98 104 110 116 122 128 134 140 146 152 158 164 170 176 182 188 194 200 206 212
Case #25: IMPOSSIBLE
Case #26: 2 12 22 32 42 52 62 72 82 92 102 112 122 132 142 152 162 172 182 192 202 212 222 232 242 252 262 272 282 292 302 312 322 332 342 352 362 372
Case #27: 2
Case #28: IMPOSSIBLE
Case #29: IMPOSSIBLE
Case #30: IMPOSSIBLE
Case #31: 2
Case #32: 2 28 54 80 106
Case #33: 2
Case #34: 1 2 3 4 5 6 7 8 9 10 11 12 13 14 15 16 17 18 19 20 21 22 23 24 25 26 27 28 29 30 31 32 33 34 35 36 37 38 39 40 41 42 43 44 45 46 47 48 49 50 51 52 53 54 55 56 57 58 59 60 61 62 63 64 65 66 67 68 69 70
Case #35: IMPOSSIBLE
Case #36: IMPOSSIBLE
Case #37: IMPOSSIBLE
Case #38: IMPOSSIBLE
Case #39: IMPOSSIBLE
Case #40: 2 8
Case #41: 1 2 3 4 5 6 7 8 9 10 11 12 13 14 15 16 17 18 19 20 21 22 23 24 25 26 27 28 29 30 31 32 33 34 35 36 37 38 39 40 41 42 43 44 45 46 47 48 49 50 51 52 53 54 55 56 57 58 59 60 61 62 63 64 65 66 67 68 69 70 71 72 73 74 75 76 77 78 79 80 81 82 83 84 85 86 87 88 89 90 91 92 93 94 95 96 97 98 99 100
Case #42: IMPOSSIBLE
Case #43: 2 10 18 26 34 42 50 58 66 74 82 90 98 106 114 122 130 138
Case #44: IMPOSSIBLE
Case #45: IMPOSSIBLE
Case #46: IMPOSSIBLE
Case #47: 2 8 14 20 26 32 38 44 50 56 62 68 74 80 86 92 98 104 110 116 122 128 134 140 146 152 158 164 170 176 182 188 194 200 206 212 218
Case #48: 1 2 3 4 5 6 7 8 9 10 11 12 13 14 15
Case #49: 2 24 46 68 90 112 134 156 178 200 222 244 266 288 310 332 354 376 398 420 442 464 486 508 530 552 574 596 618 640
Case #50: 2 14 26 38 50 62 74 86 98 110 122 134 146
Case #51: IMPOSSIBLE
Case #52: IMPOSSIBLE
Case #53: IMPOSSIBLE
Case #54: 2 22 42 62 82 102 122 142 162 182 202 222 242 262 282 302 322 342 362 382 402 422
Case #55: IMPOSSIBLE
Case #56: IMPOSSIBLE
Case #57: IMPOSSIBLE
Case #58: IMPOSSIBLE
Case #59: 2 12 22 32 42 52 62 72 82 92 102 112 122 132 142 152 162 172 182 192 202 212 222 232 242 252 262 272 282 292 302 312 322 332 342 352 362 372
Case #60: IMPOSSIBLE
Case #61: 2 52
Case #62: IMPOSSIBLE
Case #63: IMPOSSIBLE
Case #64: 2 26 50 74 98 122 146 170 194 218 242 266 290
Case #65: 1 2 3 4
Case #66: IMPOSSIBLE
Case #67: 2
Case #68: 2 26 50 74 98 122 146 170 194 218 242
Case #69: IMPOSSIBLE
Case #70: IMPOSSIBLE
Case #71: IMPOSSIBLE
Case #72: 2
Case #73: IMPOSSIBLE
Case #74: 2 10 18 26 34 42 50 58 66 74 82 90 98 106 114 122 130 138 146 154 162 170 178 186 194 202 210
Case #75: IMPOSSIBLE
Case #76: IMPOSSIBLE
Case #77: 2
Case #78: IMPOSSIBLE
Case #79: 2 26 50 74 98 122 146 170 194 218 242 266 290 314 338 362 386
Case #80: 2
Case #81: 2 46
Case #82: IMPOSSIBLE
Case #83: IMPOSSIBLE
Case #84: IMPOSSIBLE
Case #85: IMPOSSIBLE
Case #86: IMPOSSIBLE
Case #87: IMPOSSIBLE
Case #88: IMPOSSIBLE
Case #89: IMPOSSIBLE
Case #90: IMPOSSIBLE
Case #91: 2 20 38 56 74 92 110 128 146
Case #92: 2 10 18 26 34 42
Case #93: 2 20 38 56 74 92 110 128 146 164 182 200 218 236 254 272 290 308 326 344 362 380 398 416 434 452 470 488 506 524 542 560 578 596 614 632 650 668 686 704 722 740 758
Case #94: 2 18 34 50 66 82 98 114 130 146 162 178 194 210
Case #95: 2 22 42 62 82 102 122 142 162 182 202 222 242 262 282 302 322 342 362 382 402 422 442 462 482 502 522 542 562 582 602 622 642 662 682 702 722 742 762 782 802 822 842
Case #96: 2
Case #97: 2 32 62 92 122 152 182 212
Case #98: IMPOSSIBLE
Case #99: IMPOSSIBLE
Case #100: IMPOSSIBLE
